0 0.44453125 0.5597222222222222 0.1078125 0.18472222222222223
0 0.41067708333333336 0.34965277777777776 0.5046875 0.14791666666666667
0 0.5627604166666667 0.4579861111111111 0.5067708333333333 0.10069444444444445
0 0.6236979166666666 0.5430555555555555 0.1390625 0.19444444444444445
0 0.20520833333333333 0.7409722222222223 0.15208333333333332 0.19444444444444445
0 0.34010416666666665 0.4201388888888889 0.0375 0.04861111111111111
0 0.23828125 0.5506944444444445 0.25677083333333334 0.4722222222222222
0 0.34609375 0.6020833333333333 0.35260416666666666 0.30972222222222223
0 0.6838541666666667 0.6270833333333333 0.21354166666666666 0.37916666666666665
0 0.5888020833333333 0.5305555555555556 0.2609375 0.33611111111111114
0 0.35234375 0.5506944444444445 0.12239583333333333 0.10416666666666667
0 0.4114583333333333 0.4444444444444444 0.15625 0.14027777777777778
0 0.31614583333333335 0.3857638888888889 0.11979166666666667 0.09791666666666667
0 0.6 0.8795138888888889 0.0875 0.1701388888888889
0 0.725 0.6246527777777777 0.036458333333333336 0.04236111111111111
0 0.42161458333333335 0.478125 0.15572916666666667 0.12708333333333333
