0 0.8518229166666667 0.5541666666666667 0.12135416666666667 0.1527777777777778
0 0.6354166666666666 0.8520833333333333 0.10208333333333333 0.17916666666666667
0 0.7627604166666667 0.515625 0.0890625 0.11875
0 0.40338541666666666 0.6607638888888889 0.033854166666666664 0.04513888888888889
0 0.5234375 0.6003472222222223 0.15520833333333334 0.18819444444444444
0 0.44921875 0.4170138888888889 0.15364583333333334 0.08402777777777778
0 0.42265625 0.7663194444444444 0.5651041666666666 0.3229166666666667
0 0.4395833333333333 0.5204861111111111 0.035416666666666666 0.05347222222222222
0 0.66875 0.6243055555555556 0.228125 0.45694444444444443
0 0.5078125 0.23472222222222222 0.046875 0.0625
0 0.42161458333333335 0.2611111111111111 0.25677083333333334 0.3472222222222222
0 0.596875 0.2690972222222222 0.03854166666666667 0.09791666666666667
0 0.7546875 0.28506944444444443 0.128125 0.0798611111111111
