0 0.5557291666666667 0.29305555555555557 0.109375 0.18194444444444444
0 0.4010416666666667 0.13472222222222222 0.13541666666666666 0.1736111111111111
0 0.6661458333333333 0.4329861111111111 0.03333333333333333 0.04513888888888889
0 0.74140625 0.5739583333333333 0.06822916666666666 0.08680555555555555
0 0.22786458333333334 0.34479166666666666 0.09635416666666667 0.41875
0 0.5916666666666667 0.6076388888888888 0.035416666666666666 0.04583333333333333
0 0.3723958333333333 0.5770833333333333 0.05625 0.09722222222222222
0 0.7361979166666667 0.215625 0.2890625 0.2951388888888889
0 0.5208333333333334 0.4704861111111111 0.04895833333333333 0.07013888888888889
0 0.29713541666666665 0.7131944444444445 0.04635416666666667 0.06527777777777778
0 0.30442708333333335 0.8246527777777778 0.12552083333333333 0.11875
0 0.5953125 0.8621527777777778 0.03958333333333333 0.16597222222222222
