0 0.34427083333333336 0.5767361111111111 0.034375 0.04375
0 0.47109375 0.4739583333333333 0.0296875 0.04236111111111111
0 0.575 0.23298611111111112 0.34791666666666665 0.3090277777777778
0 0.7119791666666667 0.4409722222222222 0.31354166666666666 0.39444444444444443
0 0.71796875 0.6395833333333333 0.3067708333333333 0.10555555555555556
0 0.31536458333333334 0.4048611111111111 0.17760416666666667 0.40555555555555556
0 0.5036458333333333 0.6520833333333333 0.4239583333333333 0.5416666666666666
0 0.5278645833333333 0.2833333333333333 0.4244791666666667 0.4666666666666667
0 0.39921875 0.28055555555555556 0.1140625 0.1486111111111111
0 0.30911458333333336 0.4822916666666667 0.08385416666666666 0.17291666666666666
0 0.4783854166666667 0.5260416666666666 0.15677083333333333 0.1284722222222222
0 0.66484375 0.5284722222222222 0.15572916666666667 0.15
0 0.5768229166666666 0.49722222222222223 0.10364583333333334 0.2125
0 0.19088541666666667 0.215625 0.1453125 0.19652777777777777
0 0.2721354166666667 0.5510416666666667 0.13072916666666667 0.11597222222222223
0 0.409375 0.41805555555555557 0.11041666666666666 0.18611111111111112
