0 0.37916666666666665 0.7204861111111112 0.09166666666666666 0.11319444444444444
0 0.27109375 0.42083333333333334 0.11822916666666666 0.15
0 0.8658854166666666 0.35208333333333336 0.12239583333333333 0.15416666666666667
0 0.48489583333333336 0.653125 0.08229166666666667 0.12152777777777778
0 0.6924479166666667 0.5006944444444444 0.0453125 0.06111111111111111
0 0.71484375 0.5940972222222223 0.04739583333333333 0.06041666666666667
0 0.8447916666666667 0.6788194444444444 0.040625 0.06319444444444444
0 0.44375 0.2920138888888889 0.0375 0.05625
0 0.43645833333333334 0.44305555555555554 0.07395833333333333 0.0375
0 0.8484375 0.5482638888888889 0.052083333333333336 0.09930555555555555
