0 0.32369791666666664 0.8826388888888889 0.12239583333333333 0.15138888888888888
0 0.7533854166666667 0.6145833333333334 0.12552083333333333 0.15138888888888888
0 0.7234375 0.3451388888888889 0.08854166666666667 0.12083333333333333
0 0.47552083333333334 0.8722222222222222 0.090625 0.12361111111111112
0 0.65 0.6427083333333333 0.09375 0.17430555555555555
0 0.7841145833333333 0.8975694444444444 0.04739583333333333 0.06319444444444444
0 0.8395833333333333 0.7027777777777777 0.059375 0.21388888888888888
0 0.6890625 0.5701388888888889 0.04895833333333333 0.1638888888888889
0 0.6361979166666667 0.4423611111111111 0.034895833333333334 0.044444444444444446
0 0.56171875 0.5746527777777778 0.03802083333333333 0.09930555555555555
0 0.51796875 0.7847222222222222 0.0453125 0.10138888888888889
0 0.7161458333333334 0.7871527777777778 0.05 0.059027777777777776
0 0.6161458333333333 0.5315972222222223 0.0375 0.05763888888888889
0 0.8713541666666667 0.540625 0.17395833333333333 0.4840277777777778
0 0.5755208333333334 0.3645833333333333 0.23645833333333333 0.3680555555555556
0 0.3255208333333333 0.6020833333333333 0.10625 0.2125
0 0.478125 0.565625 0.334375 0.5909722222222222
0 0.43125 0.6298611111111111 0.04895833333333333 0.058333333333333334
