0 0.7044270833333334 0.615625 0.11927083333333334 0.15486111111111112
0 0.5151041666666667 0.20347222222222222 0.121875 0.1527777777777778
0 0.6455729166666667 0.18229166666666666 0.0890625 0.12152777777777778
0 0.43671875 0.753125 0.08489583333333334 0.12013888888888889
0 0.3377604166666667 0.5434027777777778 0.0484375 0.06319444444444444
0 0.87109375 0.5506944444444445 0.0734375 0.044444444444444446
0 0.43984375 0.41215277777777776 0.044270833333333336 0.05625
0 0.7395833333333334 0.41180555555555554 0.035416666666666666 0.05416666666666667
0 0.3140625 0.3892361111111111 0.057291666666666664 0.10069444444444445
0 0.5494791666666666 0.5850694444444444 0.04895833333333333 0.06875
