0 0.5171875 0.40034722222222224 0.035416666666666666 0.04236111111111111
0 0.3619791666666667 0.7954861111111111 0.03229166666666667 0.04236111111111111
0 0.29296875 0.4798611111111111 0.2682291666666667 0.45416666666666666
0 0.6130208333333333 0.6885416666666667 0.18854166666666666 0.5034722222222222
0 0.4674479166666667 0.8159722222222222 0.6057291666666667 0.33055555555555555
0 0.5307291666666667 0.6520833333333333 0.37395833333333334 0.6194444444444445
0 0.540625 0.27569444444444446 0.24583333333333332 0.37083333333333335
0 0.5776041666666667 0.7444444444444445 0.17708333333333334 0.41944444444444445
0 0.5489583333333333 0.509375 0.08958333333333333 0.17708333333333334
0 0.4015625 0.45590277777777777 0.128125 0.12569444444444444
0 0.35911458333333335 0.215625 0.09010416666666667 0.21597222222222223
0 0.3653645833333333 0.4635416666666667 0.0953125 0.21319444444444444
0 0.46979166666666666 0.3680555555555556 0.16458333333333333 0.11666666666666667
0 0.5559895833333334 0.6611111111111111 0.0984375 0.21666666666666667
0 0.7 0.4857638888888889 0.134375 0.13402777777777777
0 0.30234375 0.240625 0.13072916666666667 0.1909722222222222
