0 0.7078125 0.5458333333333333 0.11875 0.14722222222222223
0 0.4197916666666667 0.7809027777777777 0.11770833333333333 0.15625
0 0.6484375 0.8361111111111111 0.08958333333333333 0.12222222222222222
0 0.33828125 0.375 0.08177083333333333 0.11666666666666667
0 0.43723958333333335 0.5746527777777778 0.049479166666666664 0.06319444444444444
0 0.6403645833333333 0.18819444444444444 0.04739583333333333 0.059722222222222225
0 0.42213541666666665 0.26979166666666665 0.06302083333333333 0.09236111111111112
0 0.5348958333333333 0.43993055555555555 0.04375 0.10069444444444445
0 0.86328125 0.6496527777777777 0.04635416666666667 0.052083333333333336
0 0.84375 0.2746527777777778 0.03229166666666667 0.050694444444444445
