0 0.3828125 0.7180555555555556 0.051041666666666666 0.06666666666666667
0 0.40703125 0.4576388888888889 0.04739583333333333 0.06388888888888888
0 0.44453125 0.13645833333333332 0.11822916666666666 0.16041666666666668
0 0.5859375 0.41388888888888886 0.08958333333333333 0.11666666666666667
0 0.76796875 0.36354166666666665 0.1140625 0.16458333333333333
0 0.21901041666666668 0.33402777777777776 0.09114583333333333 0.11666666666666667
0 0.6080729166666666 0.7069444444444445 0.33489583333333334 0.3625
0 0.46875 0.4517361111111111 0.15833333333333333 0.18819444444444444
0 0.74609375 0.7069444444444445 0.47239583333333335 0.5263888888888889
0 0.33828125 0.7118055555555556 0.14739583333333334 0.20833333333333334
0 0.24921875 0.6673611111111111 0.15989583333333332 0.18055555555555555
0 0.22395833333333334 0.5034722222222222 0.3958333333333333 0.5277777777777778
0 0.7869791666666667 0.16805555555555557 0.346875 0.32083333333333336
0 0.56796875 0.5881944444444445 0.15677083333333333 0.1638888888888889
