0 0.29453125 0.7357638888888889 0.1140625 0.15763888888888888
0 0.5325520833333334 0.6118055555555556 0.11197916666666667 0.18333333333333332
0 0.5221354166666666 0.24618055555555557 0.0890625 0.11875
0 0.43463541666666666 0.3545138888888889 0.033854166666666664 0.04513888888888889
0 0.8244791666666667 0.5899305555555555 0.052083333333333336 0.06180555555555556
0 0.35052083333333334 0.42604166666666665 0.17604166666666668 0.49236111111111114
0 0.33203125 0.8868055555555555 0.15052083333333333 0.175
0 0.7083333333333334 0.4527777777777778 0.18958333333333333 0.39444444444444443
0 0.5635416666666667 0.8017361111111111 0.06354166666666666 0.09375
0 0.21744791666666666 0.5270833333333333 0.15989583333333332 0.175
0 0.6908854166666667 0.740625 0.1234375 0.11180555555555556
0 0.765625 0.8072916666666666 0.034375 0.05625
0 0.8200520833333333 0.30694444444444446 0.32864583333333336 0.5833333333333334
