0 0.7140625 0.35833333333333334 0.08958333333333333 0.11805555555555555
0 0.684375 0.5697916666666667 0.090625 0.17430555555555555
0 0.84375 0.1763888888888889 0.12083333333333333 0.15138888888888888
0 0.31744791666666666 0.12638888888888888 0.06197916666666667 0.21666666666666667
0 0.38828125 0.2107638888888889 0.034895833333333334 0.04652777777777778
0 0.5619791666666667 0.23333333333333334 0.04479166666666667 0.06666666666666667
0 0.4140625 0.6368055555555555 0.3385416666666667 0.6527777777777778
0 0.24713541666666666 0.41458333333333336 0.0765625 0.49722222222222223
0 0.5700520833333333 0.6590277777777778 0.10989583333333333 0.15555555555555556
0 0.4921875 0.39826388888888886 0.1125 0.21041666666666667
0 0.46953125 0.12986111111111112 0.044270833333333336 0.06527777777777778
0 0.4817708333333333 0.5388888888888889 0.075 0.06527777777777778
0 0.6856770833333333 0.16909722222222223 0.2838541666666667 0.2881944444444444
