0 0.7533854166666667 0.43506944444444445 0.11302083333333333 0.18263888888888888
0 0.34479166666666666 0.7277777777777777 0.1125 0.18333333333333332
0 0.4752604166666667 0.34756944444444443 0.034895833333333334 0.04513888888888889
0 0.5825520833333333 0.6236111111111111 0.0359375 0.04583333333333333
0 0.6973958333333333 0.21354166666666666 0.07708333333333334 0.05486111111111111
0 0.5080729166666667 0.16631944444444444 0.3109375 0.22013888888888888
0 0.23333333333333334 0.490625 0.14791666666666667 0.41458333333333336
0 0.35911458333333335 0.5350694444444445 0.03697916666666667 0.09930555555555555
0 0.6041666666666666 0.38645833333333335 0.06041666666666667 0.1673611111111111
0 0.5276041666666667 0.8006944444444445 0.065625 0.17222222222222222
0 0.45598958333333334 0.5354166666666667 0.0515625 0.07222222222222222
0 0.3703125 0.3572916666666667 0.05416666666666667 0.07152777777777777
