0 0.4473958333333333 0.31805555555555554 0.11979166666666667 0.14583333333333334
0 0.2872395833333333 0.7642361111111111 0.08385416666666666 0.11319444444444444
0 0.44817708333333334 0.13923611111111112 0.0484375 0.06319444444444444
0 0.61953125 0.678125 0.03177083333333333 0.04652777777777778
0 0.8966145833333333 0.42430555555555555 0.033854166666666664 0.041666666666666664
0 0.678125 0.4309027777777778 0.36666666666666664 0.09097222222222222
0 0.6390625 0.7944444444444444 0.5791666666666667 0.34444444444444444
0 0.45729166666666665 0.7829861111111112 0.23958333333333334 0.38680555555555557
0 0.4703125 0.6197916666666666 0.042708333333333334 0.04236111111111111
0 0.24609375 0.3371527777777778 0.07135416666666666 0.034027777777777775
0 0.35130208333333335 0.44340277777777776 0.0484375 0.20347222222222222
0 0.7002604166666667 0.3059027777777778 0.13802083333333334 0.1951388888888889
0 0.6026041666666667 0.5545138888888889 0.096875 0.16041666666666668
0 0.8203125 0.6659722222222222 0.13541666666666666 0.20833333333333334
0 0.22421875 0.6145833333333334 0.12864583333333332 0.21388888888888888
0 0.3572916666666667 0.24444444444444444 0.07916666666666666 0.16527777777777777
0 0.7419270833333333 0.36354166666666665 0.1265625 0.11041666666666666
