0 0.4640625 0.484375 0.11875 0.16041666666666668
0 0.40078125 0.7732638888888889 0.10260416666666666 0.1798611111111111
0 0.36276041666666664 0.27326388888888886 0.09010416666666667 0.11875
0 0.5880208333333333 0.159375 0.16666666666666666 0.11458333333333333
0 0.74765625 0.60625 0.03697916666666667 0.043055555555555555
0 0.25546875 0.4107638888888889 0.16197916666666667 0.5020833333333333
0 0.7481770833333333 0.2982638888888889 0.05572916666666667 0.10208333333333333
0 0.6403645833333333 0.2826388888888889 0.11510416666666666 0.21388888888888888
0 0.8580729166666666 0.5111111111111111 0.18072916666666666 0.6638888888888889
0 0.37552083333333336 0.10590277777777778 0.040625 0.06319444444444444
0 0.3385416666666667 0.5190972222222222 0.046875 0.06180555555555556
0 0.6434895833333333 0.5760416666666667 0.2484375 0.35347222222222224
0 0.4869791666666667 0.1996527777777778 0.046875 0.1701388888888889
