0 0.49505208333333334 0.15347222222222223 0.12239583333333333 0.16527777777777777
0 0.73046875 0.21840277777777778 0.11614583333333334 0.16041666666666668
0 0.59453125 0.50625 0.0890625 0.11944444444444445
0 0.39088541666666665 0.7847222222222222 0.08802083333333334 0.1125
0 0.8296875 0.5913194444444444 0.05 0.06597222222222222
0 0.5924479166666666 0.09375 0.0453125 0.06527777777777778
0 0.5783854166666667 0.6534722222222222 0.05572916666666667 0.09861111111111111
0 0.25442708333333336 0.45590277777777777 0.0484375 0.09791666666666667
0 0.3419270833333333 0.534375 0.033854166666666664 0.05763888888888889
0 0.3190104166666667 0.18541666666666667 0.050520833333333334 0.06527777777777778
