0 0.3497395833333333 0.8083333333333333 0.0796875 0.16527777777777777
0 0.8205729166666667 0.8927083333333333 0.1171875 0.18680555555555556
0 0.5877604166666667 0.6666666666666666 0.0328125 0.04583333333333333
0 0.2747395833333333 0.5618055555555556 0.034895833333333334 0.04722222222222222
0 0.8567708333333334 0.6329861111111111 0.06875 0.09513888888888888
0 0.8078125 0.18159722222222222 0.31666666666666665 0.16875
0 0.44140625 0.4708333333333333 0.31197916666666664 0.14305555555555555
0 0.20494791666666667 0.40694444444444444 0.0734375 0.0875
0 0.37213541666666666 0.20034722222222223 0.1265625 0.08263888888888889
0 0.4513020833333333 0.7802083333333333 0.05364583333333333 0.06875
0 0.7109375 0.7211805555555556 0.1 0.16180555555555556
0 0.759375 0.5145833333333333 0.04791666666666667 0.05416666666666667
