0 0.27447916666666666 0.35659722222222223 0.08125 0.16458333333333333
0 0.30911458333333336 0.5975694444444445 0.08802083333333334 0.17430555555555555
0 0.44375 0.5954861111111112 0.034375 0.04513888888888889
0 0.06770833333333333 0.4864583333333333 0.084375 0.41180555555555554
0 0.4890625 0.12222222222222222 0.31145833333333334 0.19722222222222222
0 0.6520833333333333 0.425 0.035416666666666666 0.04583333333333333
0 0.21614583333333334 0.5114583333333333 0.06354166666666666 0.10069444444444445
0 0.51015625 0.2881944444444444 0.11927083333333334 0.14027777777777778
0 0.19401041666666666 0.8760416666666667 0.0765625 0.07291666666666667
0 0.6528645833333333 0.7336805555555556 0.049479166666666664 0.05625
0 0.38177083333333334 0.9079861111111112 0.051041666666666666 0.06875
0 0.16302083333333334 0.7284722222222222 0.12604166666666666 0.12777777777777777
