0 0.3416666666666667 0.1857638888888889 0.115625 0.16041666666666668
0 0.6315104166666666 0.6902777777777778 0.12552083333333333 0.1875
0 0.5033854166666667 0.5177083333333333 0.0921875 0.11736111111111111
0 0.7203125 0.490625 0.06979166666666667 0.21041666666666667
0 0.8161458333333333 0.5309027777777777 0.034375 0.04513888888888889
0 0.70078125 0.26666666666666666 0.49114583333333334 0.225
0 0.42421875 0.3663194444444444 0.0453125 0.06458333333333334
0 0.12369791666666667 0.47673611111111114 0.07760416666666667 0.4965277777777778
0 0.48723958333333334 0.7107638888888889 0.0671875 0.21458333333333332
0 0.39817708333333335 0.7545138888888889 0.034895833333333334 0.05347222222222222
0 0.63828125 0.4517361111111111 0.0421875 0.10347222222222222
0 0.3265625 0.6361111111111111 0.21354166666666666 0.39305555555555555
0 0.26536458333333335 0.3770833333333333 0.1296875 0.11527777777777778
