0 0.7825520833333334 0.5204861111111111 0.04635416666666667 0.06180555555555556
0 0.6434895833333333 0.7788194444444444 0.04635416666666667 0.06319444444444444
0 0.30859375 0.8038194444444444 0.12239583333333333 0.14930555555555555
0 0.4361979166666667 0.37395833333333334 0.0921875 0.11597222222222223
0 0.590625 0.4444444444444444 0.11770833333333333 0.15694444444444444
0 0.19947916666666668 0.6486111111111111 0.0875 0.12083333333333333
0 0.9263020833333333 0.6055555555555555 0.11927083333333334 0.21388888888888888
0 0.7653645833333333 0.8072916666666666 0.1578125 0.19375
0 0.7591145833333334 0.08854166666666667 0.3848958333333333 0.15347222222222223
0 0.80234375 0.6829861111111111 0.1734375 0.11736111111111111
0 0.13333333333333333 0.4322916666666667 0.190625 0.5048611111111111
0 0.46979166666666666 0.7392361111111111 0.50625 0.48819444444444443
0 0.5989583333333334 0.7107638888888889 0.08125 0.21875
0 0.5567708333333333 0.1684027777777778 0.49270833333333336 0.26875
