0 0.75390625 0.2642361111111111 0.1359375 0.14930555555555555
0 0.2950520833333333 0.6798611111111111 0.07864583333333333 0.16111111111111112
0 0.5135416666666667 0.278125 0.3125 0.11041666666666666
0 0.42161458333333335 0.07013888888888889 0.0328125 0.04027777777777778
0 0.1921875 0.4565972222222222 0.15833333333333333 0.16041666666666668
0 0.5119791666666667 0.42743055555555554 0.15833333333333333 0.14097222222222222
0 0.6106770833333334 0.8229166666666666 0.32864583333333336 0.12361111111111112
0 0.6044270833333333 0.9013888888888889 0.12135416666666667 0.05138888888888889
0 0.4942708333333333 0.6465277777777778 0.15833333333333333 0.16527777777777777
0 0.434375 0.38645833333333335 0.11979166666666667 0.13125
0 0.4328125 0.17673611111111112 0.48020833333333335 0.32013888888888886
0 0.81640625 0.5854166666666667 0.3421875 0.3277777777777778
0 0.7671875 0.7392361111111111 0.3260416666666667 0.3548611111111111
0 0.34739583333333335 0.6670138888888889 0.29583333333333334 0.6659722222222222
0 0.45364583333333336 0.8236111111111111 0.12395833333333334 0.20694444444444443
0 0.4934895833333333 0.946875 0.030729166666666665 0.04097222222222222
