0 0.54296875 0.6704861111111111 0.1046875 0.18263888888888888
0 0.3463541666666667 0.7694444444444445 0.10104166666666667 0.17916666666666667
0 0.3372395833333333 0.16145833333333334 0.034895833333333334 0.04513888888888889
0 0.32083333333333336 0.44305555555555554 0.035416666666666666 0.04583333333333333
0 0.054947916666666666 0.4753472222222222 0.0921875 0.41597222222222224
0 0.19270833333333334 0.6368055555555555 0.03854166666666667 0.05694444444444444
0 0.70234375 0.47673611111111114 0.028645833333333332 0.09375
0 0.8015625 0.45868055555555554 0.090625 0.41180555555555554
0 0.44765625 0.33055555555555555 0.07135416666666666 0.09305555555555556
0 0.51015625 0.07083333333333333 0.13072916666666667 0.09861111111111111
0 0.27317708333333335 0.3298611111111111 0.1265625 0.10694444444444444
0 0.6421875 0.165625 0.051041666666666666 0.07430555555555556
