0 0.5153645833333333 0.5302083333333333 0.11197916666666667 0.15486111111111112
0 0.35598958333333336 0.7284722222222222 0.1390625 0.16944444444444445
0 0.71953125 0.43506944444444445 0.09010416666666667 0.12152777777777778
0 0.44505208333333335 0.6392361111111111 0.04635416666666667 0.06319444444444444
0 0.4296875 0.5486111111111112 0.1375 0.1486111111111111
0 0.6932291666666667 0.6371527777777778 0.16458333333333333 0.16180555555555556
0 0.60390625 0.19583333333333333 0.033854166666666664 0.04583333333333333
0 0.6416666666666667 0.696875 0.13645833333333332 0.20208333333333334
0 0.43125 0.8197916666666667 0.034375 0.04236111111111111
0 0.47708333333333336 0.27847222222222223 0.128125 0.20416666666666666
0 0.65859375 0.8399305555555555 0.03697916666666667 0.05625
0 0.5854166666666667 0.6034722222222222 0.35208333333333336 0.3
0 0.47239583333333335 0.20972222222222223 0.4625 0.38055555555555554
0 0.3015625 0.38090277777777776 0.25416666666666665 0.34930555555555554
0 0.51484375 0.8138888888888889 0.11197916666666667 0.20416666666666666
0 0.38958333333333334 0.290625 0.071875 0.08958333333333333
0 0.240625 0.5045138888888889 0.10625 0.15486111111111112
