0 0.5239583333333333 0.31666666666666665 0.11770833333333333 0.15416666666666667
0 0.20130208333333333 0.6447916666666667 0.11510416666666666 0.15763888888888888
0 0.40625 0.6208333333333333 0.090625 0.11527777777777778
0 0.22161458333333334 0.2857638888888889 0.0859375 0.12013888888888889
0 0.4388020833333333 0.8024305555555555 0.04739583333333333 0.06458333333333334
0 0.6231770833333333 0.8055555555555556 0.050520833333333334 0.0625
0 0.6265625 0.5770833333333333 0.041666666666666664 0.06388888888888888
0 0.31927083333333334 0.5423611111111111 0.03958333333333333 0.059722222222222225
0 0.3098958333333333 0.7670138888888889 0.03854166666666667 0.10069444444444445
0 0.3502604166666667 0.27152777777777776 0.07447916666666667 0.07083333333333333
