0 0.6315104166666666 0.47673611111111114 0.11197916666666667 0.18263888888888888
0 0.41953125 0.35659722222222223 0.09010416666666667 0.11180555555555556
0 0.28229166666666666 0.540625 0.11875 0.15208333333333332
0 0.16536458333333334 0.33055555555555555 0.15572916666666667 0.08611111111111111
0 0.4122395833333333 0.6489583333333333 0.033854166666666664 0.04375
0 0.6973958333333333 0.6385416666666667 0.14583333333333334 0.20347222222222222
0 0.4979166666666667 0.6270833333333333 0.04375 0.06111111111111111
0 0.5192708333333333 0.40208333333333335 0.075 0.07222222222222222
0 0.17135416666666667 0.6770833333333334 0.23125 0.4722222222222222
0 0.5877604166666667 0.8208333333333333 0.0421875 0.06111111111111111
0 0.6427083333333333 0.2642361111111111 0.309375 0.08125
0 0.4322916666666667 0.1111111111111111 0.503125 0.18472222222222223
0 0.3502604166666667 0.7059027777777778 0.1046875 0.16319444444444445
