0 0.7153645833333333 0.8420138888888888 0.1234375 0.14791666666666667
0 0.7765625 0.6677083333333333 0.14270833333333333 0.15486111111111112
0 0.7856770833333333 0.4152777777777778 0.08802083333333334 0.12222222222222222
0 0.56953125 0.4947916666666667 0.16302083333333334 0.17847222222222223
0 0.64140625 0.5736111111111111 0.034895833333333334 0.04583333333333333
0 0.4700520833333333 0.3003472222222222 0.1671875 0.4909722222222222
0 0.5919270833333333 0.7361111111111112 0.13697916666666668 0.20555555555555555
0 0.69453125 0.3329861111111111 0.050520833333333334 0.06597222222222222
0 0.41171875 0.6149305555555555 0.04739583333333333 0.06458333333333334
0 0.43984375 0.7708333333333334 0.0734375 0.08333333333333333
0 0.2947916666666667 0.8364583333333333 0.328125 0.27847222222222223
0 0.3421875 0.3923611111111111 0.15104166666666666 0.6722222222222223
0 0.6794270833333333 0.2375 0.0828125 0.17222222222222222
