0 0.7674479166666667 0.17048611111111112 0.11927083333333334 0.15486111111111112
0 0.46510416666666665 0.7555555555555555 0.09375 0.17916666666666667
0 0.2864583333333333 0.6729166666666667 0.08854166666666667 0.12083333333333333
0 0.2234375 0.8413194444444444 0.04583333333333333 0.10069444444444445
0 0.6895833333333333 0.603125 0.36875 0.1701388888888889
0 0.19505208333333332 0.375 0.22447916666666667 0.65
0 0.47265625 0.29791666666666666 0.033854166666666664 0.04583333333333333
0 0.37057291666666664 0.9107638888888889 0.16302083333333334 0.15763888888888888
0 0.5299479166666666 0.22881944444444444 0.2994791666666667 0.24513888888888888
0 0.7315104166666667 0.40902777777777777 0.0453125 0.06388888888888888
0 0.6494791666666667 0.8388888888888889 0.13229166666666667 0.2111111111111111
0 0.4328125 0.5232638888888889 0.11666666666666667 0.1451388888888889
0 0.625 0.4270833333333333 0.046875 0.05416666666666667
