0 0.91953125 0.6256944444444444 0.12239583333333333 0.15416666666666667
0 0.84375 0.8024305555555555 0.11354166666666667 0.16041666666666668
0 0.5033854166666667 0.6618055555555555 0.08697916666666666 0.11666666666666667
0 0.71484375 0.4239583333333333 0.09114583333333333 0.11736111111111111
0 0.4315104166666667 0.609375 0.1140625 0.18125
0 0.8481770833333333 0.5857638888888889 0.033854166666666664 0.04375
0 0.7520833333333333 0.6798611111111111 0.046875 0.06111111111111111
0 0.3515625 0.6232638888888888 0.10625 0.41597222222222224
0 0.40729166666666666 0.478125 0.035416666666666666 0.04375
0 0.675 0.8267361111111111 0.14479166666666668 0.20625
0 0.42890625 0.7784722222222222 0.04635416666666667 0.06111111111111111
0 0.61796875 0.4232638888888889 0.06927083333333334 0.19930555555555557
0 0.4875 0.5364583333333334 0.07395833333333333 0.050694444444444445
0 0.5252604166666667 0.3347222222222222 0.3723958333333333 0.12916666666666668
0 0.5901041666666667 0.88125 0.11979166666666667 0.12361111111111112
0 0.57890625 0.6114583333333333 0.06927083333333334 0.08819444444444445
0 0.7307291666666667 0.5864583333333333 0.4083333333333333 0.50625
0 0.5815104166666667 0.6833333333333333 0.04635416666666667 0.06388888888888888
