0 0.8434895833333333 0.5118055555555555 0.1234375 0.14166666666666666
0 0.3572916666666667 0.4027777777777778 0.08958333333333333 0.11527777777777778
0 0.8341145833333333 0.3420138888888889 0.04739583333333333 0.06458333333333334
0 0.5466145833333333 0.8819444444444444 0.0328125 0.041666666666666664
0 0.4822916666666667 0.5423611111111111 0.03229166666666667 0.041666666666666664
0 0.5296875 0.409375 0.052083333333333336 0.06875
0 0.7018229166666666 0.06736111111111111 0.030729166666666665 0.1
0 0.4515625 0.42951388888888886 0.4322916666666667 0.43819444444444444
0 0.6 0.5947916666666667 0.17291666666666666 0.48819444444444443
0 0.5591145833333333 0.24097222222222223 0.3109375 0.12083333333333333
0 0.5705729166666667 0.5583333333333333 0.10885416666666667 0.13055555555555556
0 0.8200520833333333 0.26875 0.15677083333333333 0.15833333333333333
0 0.7471354166666667 0.746875 0.09322916666666667 0.2076388888888889
0 0.4557291666666667 0.6895833333333333 0.115625 0.2125
0 0.36432291666666666 0.1579861111111111 0.1609375 0.16180555555555556
0 0.8166666666666667 0.12152777777777778 0.13333333333333333 0.13194444444444445
0 0.675 0.7423611111111111 0.11666666666666667 0.18472222222222223
