0 0.6075520833333333 0.40381944444444445 0.12239583333333333 0.14930555555555555
0 0.30546875 0.5034722222222222 0.12135416666666667 0.1527777777777778
0 0.5614583333333333 0.7055555555555556 0.08854166666666667 0.12222222222222222
0 0.43046875 0.14027777777777778 0.0890625 0.12083333333333333
0 0.6635416666666667 0.6225694444444444 0.04895833333333333 0.05763888888888889
0 0.29661458333333335 0.22361111111111112 0.04739583333333333 0.06111111111111111
0 0.15104166666666666 0.3170138888888889 0.07708333333333334 0.06597222222222222
0 0.8049479166666667 0.48055555555555557 0.07552083333333333 0.06388888888888888
0 0.4588541666666667 0.6180555555555556 0.051041666666666666 0.06944444444444445
0 0.6421875 0.17118055555555556 0.051041666666666666 0.06875
