0 0.2638020833333333 0.7128472222222222 0.1078125 0.18263888888888888
0 0.8302083333333333 0.28888888888888886 0.140625 0.17777777777777778
0 0.6651041666666667 0.37083333333333335 0.035416666666666666 0.04583333333333333
0 0.44088541666666664 0.24722222222222223 0.0359375 0.04583333333333333
0 0.6645833333333333 0.12777777777777777 0.31666666666666665 0.1638888888888889
0 0.44140625 0.6975694444444445 0.0609375 0.09652777777777778
0 0.6286458333333333 0.6902777777777778 0.06041666666666667 0.16805555555555557
0 0.54453125 0.5524305555555555 0.07760416666666667 0.059027777777777776
0 0.27057291666666666 0.3642361111111111 0.18697916666666667 0.41041666666666665
0 0.3958333333333333 0.36875 0.125 0.12916666666666668
0 0.7447916666666666 0.5197916666666667 0.052083333333333336 0.07013888888888889
0 0.5791666666666667 0.3628472222222222 0.05416666666666667 0.07152777777777777
