0 0.4359375 0.14201388888888888 0.109375 0.16180555555555556
0 0.28854166666666664 0.421875 0.11875 0.14097222222222222
0 0.24661458333333333 0.628125 0.08802083333333334 0.12013888888888889
0 0.6763020833333333 0.51875 0.08802083333333334 0.11805555555555555
0 0.5669270833333333 0.4371527777777778 0.049479166666666664 0.06180555555555556
0 0.67421875 0.278125 0.04739583333333333 0.06458333333333334
0 0.5643229166666667 0.2899305555555556 0.050520833333333334 0.10069444444444445
0 0.4549479166666667 0.42777777777777776 0.07135416666666666 0.034722222222222224
0 0.49270833333333336 0.7111111111111111 0.042708333333333334 0.0625
0 0.3736979166666667 0.6586805555555556 0.05260416666666667 0.06458333333333334
