0 0.48489583333333336 0.36770833333333336 0.11875 0.14652777777777778
0 0.7109375 0.215625 0.12083333333333333 0.15208333333333332
0 0.7385416666666667 0.66875 0.08958333333333333 0.12083333333333333
0 0.45416666666666666 0.81875 0.08854166666666667 0.11944444444444445
0 0.85078125 0.41180555555555554 0.07135416666666666 0.08611111111111111
0 0.59453125 0.5190972222222222 0.0453125 0.06458333333333334
0 0.40390625 0.5836805555555555 0.04739583333333333 0.059027777777777776
0 0.6432291666666666 0.7958333333333333 0.03333333333333333 0.05416666666666667
0 0.49713541666666666 0.6722222222222223 0.07447916666666667 0.06805555555555555
0 0.6463541666666667 0.38298611111111114 0.04895833333333333 0.06736111111111111
