0 0.30625 0.28506944444444443 0.13125 0.12152777777777778
0 0.68984375 0.49166666666666664 0.10989583333333333 0.18194444444444444
0 0.39791666666666664 0.6204861111111111 0.034375 0.04513888888888889
0 0.63125 0.09097222222222222 0.3125 0.1111111111111111
0 0.48020833333333335 0.23055555555555557 0.034375 0.04583333333333333
0 0.47369791666666666 0.3638888888888889 0.07552083333333333 0.059722222222222225
0 0.8760416666666667 0.5138888888888888 0.058333333333333334 0.4097222222222222
0 0.70390625 0.28715277777777776 0.07447916666666667 0.06041666666666667
0 0.6856770833333333 0.7694444444444445 0.07447916666666667 0.16944444444444445
0 0.5114583333333333 0.834375 0.084375 0.16875
0 0.5645833333333333 0.5236111111111111 0.040625 0.06111111111111111
0 0.28880208333333335 0.5232638888888889 0.0453125 0.06319444444444444
