0 0.26953125 0.7819444444444444 0.13177083333333334 0.17916666666666667
0 0.7377604166666667 0.7104166666666667 0.13385416666666666 0.1388888888888889
0 0.36953125 0.7829861111111112 0.0328125 0.04375
0 0.2375 0.6302083333333334 0.026041666666666668 0.09513888888888888
0 0.3690104166666667 0.38958333333333334 0.034895833333333334 0.04583333333333333
0 0.60390625 0.7743055555555556 0.07552083333333333 0.06527777777777778
0 0.60078125 0.37569444444444444 0.29322916666666665 0.2722222222222222
0 0.20807291666666666 0.3861111111111111 0.23802083333333332 0.36527777777777776
0 0.40078125 0.2482638888888889 0.11614583333333334 0.14097222222222222
0 0.33046875 0.5642361111111112 0.11822916666666666 0.13402777777777777
0 0.5020833333333333 0.7864583333333334 0.04791666666666667 0.06597222222222222
0 0.5559895833333334 0.6090277777777777 0.0515625 0.06805555555555555
