0 0.2203125 0.11180555555555556 0.04791666666666667 0.06527777777777778
0 0.30442708333333335 0.6868055555555556 0.04635416666666667 0.06388888888888888
0 0.6677083333333333 0.26979166666666665 0.11875 0.15347222222222223
0 0.47109375 0.34131944444444445 0.11822916666666666 0.15486111111111112
0 0.925 0.5809027777777778 0.12083333333333333 0.20902777777777778
0 0.39401041666666664 0.10034722222222223 0.09114583333333333 0.11597222222222223
0 0.57734375 0.8711805555555555 0.08802083333333334 0.12430555555555556
0 0.8520833333333333 0.3138888888888889 0.13958333333333334 0.20833333333333334
0 0.4513020833333333 0.8548611111111111 0.10572916666666667 0.2125
0 0.6341145833333334 0.6333333333333333 0.37447916666666664 0.14722222222222223
0 0.35859375 0.5947916666666667 0.13177083333333334 0.5020833333333333
0 0.7489583333333333 0.09236111111111112 0.49375 0.16111111111111112
0 0.15677083333333333 0.48854166666666665 0.06770833333333333 0.22013888888888888
0 0.21614583333333334 0.6236111111111111 0.2625 0.675
