0 0.13177083333333334 0.15902777777777777 0.12291666666666666 0.1486111111111111
0 0.34348958333333335 0.32743055555555556 0.12552083333333333 0.18958333333333333
0 0.47760416666666666 0.5513888888888889 0.0875 0.12361111111111112
0 0.5276041666666667 0.3385416666666667 0.052083333333333336 0.20625
0 0.7174479166666666 0.34131944444444445 0.0328125 0.04513888888888889
0 0.69140625 0.6263888888888889 0.0453125 0.06388888888888888
0 0.2578125 0.6104166666666667 0.13020833333333334 0.22361111111111112
0 0.6375 0.22465277777777778 0.4979166666666667 0.22847222222222222
0 0.4630208333333333 0.7048611111111112 0.36666666666666664 0.24722222222222223
0 0.36171875 0.5295138888888888 0.05572916666666667 0.10208333333333333
0 0.2625 0.2565972222222222 0.051041666666666666 0.07013888888888889
0 0.7455729166666667 0.46770833333333334 0.2869791666666667 0.2923611111111111
0 0.15494791666666666 0.46076388888888886 0.09010416666666667 0.1701388888888889
