0 0.6268229166666667 0.27118055555555554 0.04739583333333333 0.06458333333333334
0 0.665625 0.6017361111111111 0.04583333333333333 0.06180555555555556
0 0.19921875 0.7284722222222222 0.11822916666666666 0.15833333333333333
0 0.37604166666666666 0.8420138888888888 0.121875 0.15069444444444444
0 0.41692708333333334 0.4909722222222222 0.09322916666666667 0.11527777777777778
0 0.3611979166666667 0.6579861111111112 0.07552083333333333 0.22152777777777777
0 0.5239583333333333 0.17673611111111112 0.09375 0.12291666666666666
0 0.7783854166666667 0.5680555555555555 0.15677083333333333 0.5111111111111111
0 0.2953125 0.421875 0.3260416666666667 0.3784722222222222
0 0.5356770833333333 0.6881944444444444 0.15989583333333332 0.1875
0 0.6 0.4354166666666667 0.159375 0.09861111111111111
0 0.721875 0.24756944444444445 0.41041666666666665 0.4951388888888889
0 0.22317708333333333 0.2777777777777778 0.3765625 0.5555555555555556
0 0.6567708333333333 0.8142361111111112 0.15729166666666666 0.07013888888888889
