0 0.15052083333333333 0.6902777777777778 0.12395833333333334 0.15
0 0.63046875 0.7934027777777778 0.11927083333333334 0.15208333333333332
0 0.16067708333333333 0.4708333333333333 0.13489583333333333 0.13194444444444445
0 0.6940104166666666 0.5295138888888888 0.0890625 0.12013888888888889
0 0.34817708333333336 0.8982638888888889 0.09010416666666667 0.11875
0 0.28880208333333335 0.4510416666666667 0.050520833333333334 0.06319444444444444
0 0.8341145833333333 0.4232638888888889 0.0421875 0.09930555555555555
0 0.4869791666666667 0.55 0.04375 0.06527777777777778
0 0.7135416666666666 0.609375 0.3729166666666667 0.08541666666666667
0 0.5044270833333333 0.3888888888888889 0.15364583333333334 0.19305555555555556
0 0.6013020833333333 0.20347222222222222 0.034895833333333334 0.04583333333333333
0 0.6341145833333334 0.33993055555555557 0.3026041666666667 0.2604166666666667
0 0.3494791666666667 0.7190972222222223 0.12083333333333333 0.05625
0 0.4484375 0.23298611111111112 0.115625 0.21041666666666667
0 0.6216145833333333 0.41875 0.07552083333333333 0.07361111111111111
0 0.5502604166666667 0.5256944444444445 0.05260416666666667 0.06666666666666667
0 0.4236979166666667 0.5038194444444445 0.32135416666666666 0.5993055555555555
0 0.3921875 0.19930555555555557 0.05520833333333333 0.0625
