0 0.7916666666666666 0.7114583333333333 0.11458333333333333 0.15902777777777777
0 0.4953125 0.8576388888888888 0.0875 0.16944444444444445
0 0.27708333333333335 0.20972222222222223 0.090625 0.12083333333333333
0 0.4596354166666667 0.6989583333333333 0.033854166666666664 0.04375
0 0.25 0.5447916666666667 0.140625 0.4979166666666667
0 0.39479166666666665 0.37604166666666666 0.046875 0.06041666666666667
0 0.46953125 0.5329861111111112 0.1578125 0.15625
0 0.6322916666666667 0.7538194444444445 0.109375 0.22013888888888888
0 0.7169270833333333 0.378125 0.4786458333333333 0.33958333333333335
0 0.7854166666666667 0.4934027777777778 0.2864583333333333 0.29375
0 0.5385416666666667 0.20972222222222223 0.08541666666666667 0.16805555555555557
0 0.35963541666666665 0.6513888888888889 0.0734375 0.07777777777777778
0 0.85 0.6270833333333333 0.046875 0.06805555555555555
