0 0.5864583333333333 0.8392361111111111 0.07916666666666666 0.16458333333333333
0 0.7197916666666667 0.7184027777777777 0.096875 0.17569444444444443
0 0.5380208333333333 0.4440972222222222 0.03333333333333333 0.04513888888888889
0 0.8526041666666667 0.4097222222222222 0.035416666666666666 0.04583333333333333
0 0.671875 0.34375 0.09375 0.41805555555555557
0 0.21458333333333332 0.45243055555555556 0.06666666666666667 0.4131944444444444
0 0.7432291666666667 0.3076388888888889 0.04791666666666667 0.06805555555555555
0 0.38229166666666664 0.7048611111111112 0.029166666666666667 0.09722222222222222
0 0.53671875 0.22118055555555555 0.0515625 0.07291666666666667
0 0.44296875 0.24166666666666667 0.1203125 0.1388888888888889
0 0.5763020833333333 0.5892361111111111 0.0765625 0.06319444444444444
0 0.37578125 0.36006944444444444 0.09114583333333333 0.16319444444444445
