0 0.3265625 0.3802083333333333 0.121875 0.15347222222222223
0 0.69453125 0.6010416666666667 0.09427083333333333 0.17291666666666666
0 0.21171875 0.5847222222222223 0.09010416666666667 0.10833333333333334
0 0.815625 0.4909722222222222 0.04479166666666667 0.059722222222222225
0 0.7127604166666667 0.34479166666666666 0.033854166666666664 0.04513888888888889
0 0.2078125 0.21284722222222222 0.04375 0.16597222222222222
0 0.15 0.3892361111111111 0.11770833333333333 0.21875
0 0.653125 0.2326388888888889 0.47708333333333336 0.3416666666666667
0 0.5130208333333334 0.3173611111111111 0.035416666666666666 0.10277777777777777
0 0.5763020833333333 0.7288194444444445 0.15260416666666668 0.18125
0 0.30104166666666665 0.153125 0.353125 0.29791666666666666
0 0.4153645833333333 0.5631944444444444 0.23385416666666667 0.37222222222222223
0 0.4473958333333333 0.7496527777777777 0.046875 0.06597222222222222
