0 0.42734375 0.7444444444444445 0.12135416666666667 0.15
0 0.31302083333333336 0.6434027777777778 0.08958333333333333 0.12291666666666666
0 0.28020833333333334 0.1753472222222222 0.07708333333333334 0.16319444444444445
0 0.40729166666666666 0.4892361111111111 0.04479166666666667 0.06041666666666667
0 0.61171875 0.6680555555555555 0.1671875 0.1361111111111111
0 0.13307291666666668 0.35 0.10885416666666667 0.4166666666666667
0 0.54453125 0.5465277777777777 0.033854166666666664 0.04583333333333333
0 0.42578125 0.23368055555555556 0.07239583333333334 0.21041666666666667
0 0.84296875 0.371875 0.2453125 0.6368055555555555
0 0.390625 0.39131944444444444 0.12604166666666666 0.06319444444444444
0 0.26119791666666664 0.3298611111111111 0.05260416666666667 0.10138888888888889
0 0.6567708333333333 0.44479166666666664 0.33229166666666665 0.3576388888888889
0 0.6901041666666666 0.7725694444444444 0.046875 0.06597222222222222
