0 0.5864583333333333 0.7072916666666667 0.046875 0.06319444444444444
0 0.43203125 0.6378472222222222 0.04635416666666667 0.06319444444444444
0 0.6736979166666667 0.5059027777777778 0.1203125 0.15486111111111112
0 0.42473958333333334 0.46319444444444446 0.09010416666666667 0.12083333333333333
0 0.2328125 0.16770833333333332 0.11875 0.15625
0 0.8002604166666667 0.63125 0.0609375 0.20416666666666666
0 0.49375 0.7277777777777777 0.08645833333333333 0.11666666666666667
0 0.5473958333333333 0.3614583333333333 0.12083333333333333 0.5006944444444444
0 0.34375 0.6552083333333333 0.09166666666666666 0.22708333333333333
0 0.2734375 0.48993055555555554 0.15729166666666666 0.17708333333333334
0 0.6296875 0.8107638888888888 0.15520833333333334 0.15347222222222223
0 0.13802083333333334 0.4440972222222222 0.275 0.4395833333333333
0 0.27421875 0.7836805555555556 0.42135416666666664 0.4215277777777778
0 0.6580729166666667 0.20451388888888888 0.4296875 0.39652777777777776
