0 0.68125 0.5326388888888889 0.115625 0.16111111111111112
0 0.48880208333333336 0.721875 0.1296875 0.18263888888888888
0 0.21666666666666667 0.38229166666666664 0.12395833333333334 0.14930555555555555
0 0.3815104166666667 0.7201388888888889 0.09010416666666667 0.11944444444444445
0 0.36692708333333335 0.5833333333333334 0.09010416666666667 0.11527777777777778
0 0.5265625 0.4583333333333333 0.04479166666666667 0.06388888888888888
0 0.6122395833333333 0.6315972222222223 0.04739583333333333 0.06319444444444444
0 0.3359375 0.8399305555555555 0.1625 0.16875
0 0.41458333333333336 0.4496527777777778 0.035416666666666666 0.09930555555555555
0 0.46171875 0.25104166666666666 0.033854166666666664 0.04513888888888889
0 0.2557291666666667 0.659375 0.3770833333333333 0.6368055555555555
0 0.2682291666666667 0.26319444444444445 0.040625 0.059722222222222225
0 0.5231770833333333 0.32430555555555557 0.16197916666666667 0.1388888888888889
0 0.07916666666666666 0.6284722222222222 0.15833333333333333 0.4027777777777778
0 0.45625 0.8680555555555556 0.071875 0.08333333333333333
0 0.3776041666666667 0.28194444444444444 0.115625 0.1388888888888889
0 0.56796875 0.7027777777777777 0.2921875 0.41805555555555557
0 0.13333333333333333 0.6128472222222222 0.04791666666666667 0.06458333333333334
