0 0.23828125 0.6347222222222222 0.1390625 0.17083333333333334
0 0.26614583333333336 0.24479166666666666 0.11770833333333333 0.1840277777777778
0 0.671875 0.5472222222222223 0.034375 0.04583333333333333
0 0.38125 0.6607638888888889 0.035416666666666666 0.04652777777777778
0 0.5549479166666667 0.21840277777777778 0.31197916666666664 0.1701388888888889
0 0.22291666666666668 0.8065972222222222 0.03854166666666667 0.06180555555555556
0 0.5174479166666667 0.05138888888888889 0.06927083333333334 0.09166666666666666
0 0.48880208333333336 0.5184027777777778 0.27239583333333334 0.3173611111111111
0 0.6380208333333334 0.36041666666666666 0.125 0.1111111111111111
0 0.38229166666666664 0.8767361111111112 0.12916666666666668 0.07708333333333334
0 0.546875 0.790625 0.05625 0.09930555555555555
0 0.20130208333333333 0.4270833333333333 0.0484375 0.06666666666666667
