0 0.85625 0.4204861111111111 0.11145833333333334 0.4131944444444444
0 0.5356770833333333 0.48333333333333334 0.4817708333333333 0.3
0 0.6192708333333333 0.14166666666666666 0.36354166666666665 0.25416666666666665
0 0.33984375 0.5048611111111111 0.09739583333333333 0.2111111111111111
0 0.5528645833333333 0.7024305555555556 0.07239583333333334 0.16875
0 0.334375 0.7631944444444444 0.07395833333333333 0.21666666666666667
0 0.5856770833333333 0.8979166666666667 0.10572916666666667 0.17916666666666667
0 0.60078125 0.334375 0.03177083333333333 0.09791666666666667
0 0.6072916666666667 0.22916666666666666 0.06666666666666667 0.09305555555555556
0 0.6315104166666666 0.278125 0.0453125 0.05347222222222222
0 0.6510416666666666 0.3034722222222222 0.052083333333333336 0.06527777777777778
0 0.44817708333333334 0.1642361111111111 0.1140625 0.15763888888888888
0 0.6361979166666667 0.68125 0.1109375 0.1597222222222222
0 0.7114583333333333 0.35833333333333334 0.0875 0.11805555555555555
0 0.6333333333333333 0.36041666666666666 0.046875 0.06111111111111111
0 0.57265625 0.3385416666666667 0.043229166666666666 0.06458333333333334
0 0.38046875 0.6069444444444444 0.08489583333333334 0.11666666666666667
0 0.32447916666666665 0.6642361111111111 0.030208333333333334 0.04375
