0 0.25755208333333335 0.7496527777777777 0.11822916666666666 0.16458333333333333
0 0.19739583333333333 0.4079861111111111 0.09375 0.17430555555555555
0 0.2796875 0.20173611111111112 0.0875 0.12430555555555556
0 0.4947916666666667 0.475 0.15833333333333333 0.1875
0 0.5268229166666667 0.7545138888888889 0.0328125 0.04513888888888889
0 0.3203125 0.5340277777777778 0.04791666666666667 0.058333333333333334
0 0.37395833333333334 0.8149305555555556 0.027083333333333334 0.09236111111111112
0 0.13541666666666666 0.6045138888888889 0.03958333333333333 0.16597222222222222
0 0.5713541666666667 0.23923611111111112 0.4895833333333333 0.29930555555555555
0 0.7151041666666667 0.33958333333333335 0.146875 0.18055555555555555
0 0.6390625 0.7815972222222223 0.3697916666666667 0.37430555555555556
0 0.61640625 0.44131944444444443 0.18072916666666666 0.40902777777777777
0 0.38645833333333335 0.6545138888888888 0.046875 0.06736111111111111
