0 0.48984375 0.8295138888888889 0.08385416666666666 0.1673611111111111
0 0.5994791666666667 0.20729166666666668 0.115625 0.15902777777777777
0 0.8388020833333333 0.3079861111111111 0.09010416666666667 0.12013888888888889
0 0.8341145833333333 0.553125 0.0703125 0.08541666666666667
0 0.5778645833333333 0.5472222222222223 0.0453125 0.06111111111111111
0 0.6328125 0.44583333333333336 0.03333333333333333 0.041666666666666664
0 0.33984375 0.659375 0.13177083333333334 0.21319444444444444
0 0.6692708333333334 0.5430555555555555 0.21145833333333333 0.6652777777777777
0 0.3416666666666667 0.2013888888888889 0.3572916666666667 0.29444444444444445
0 0.21067708333333332 0.5510416666666667 0.19114583333333332 0.40069444444444446
0 0.34661458333333334 0.3329861111111111 0.14427083333333332 0.18958333333333333
0 0.4627604166666667 0.5864583333333333 0.044270833333333336 0.16458333333333333
0 0.28151041666666665 0.7694444444444445 0.049479166666666664 0.06805555555555555
