0 0.39869791666666665 0.21944444444444444 0.08177083333333333 0.12361111111111112
0 0.8630208333333333 0.2798611111111111 0.12083333333333333 0.15416666666666667
0 0.5265625 0.7722222222222223 0.11145833333333334 0.1625
0 0.784375 0.6739583333333333 0.08958333333333333 0.11875
0 0.4427083333333333 0.5590277777777778 0.04791666666666667 0.059722222222222225
0 0.6481770833333333 0.48194444444444445 0.050520833333333334 0.058333333333333334
0 0.3260416666666667 0.4829861111111111 0.05 0.06875
0 0.44609375 0.37118055555555557 0.04739583333333333 0.06736111111111111
0 0.54765625 0.16805555555555557 0.04635416666666667 0.1
0 0.6697916666666667 0.2986111111111111 0.06354166666666666 0.09305555555555556
