0 0.7747395833333334 0.5871527777777777 0.04739583333333333 0.06319444444444444
0 0.6755208333333333 0.5225694444444444 0.04375 0.07430555555555556
0 0.42265625 0.7756944444444445 0.11614583333333334 0.1597222222222222
0 0.48802083333333335 0.46770833333333334 0.07604166666666666 0.21041666666666667
0 0.6424479166666667 0.3972222222222222 0.09010416666666667 0.11666666666666667
0 0.2421875 0.5541666666666667 0.10729166666666666 0.15694444444444444
0 0.6244791666666667 0.8326388888888889 0.034375 0.04583333333333333
0 0.6630208333333333 0.7107638888888889 0.06666666666666667 0.10902777777777778
0 0.76796875 0.16145833333333334 0.3578125 0.3229166666666667
0 0.3575520833333333 0.47673611111111114 0.12239583333333333 0.42569444444444443
0 0.5559895833333334 0.196875 0.0640625 0.21319444444444444
0 0.28229166666666666 0.27569444444444446 0.38645833333333335 0.5375
0 0.5768229166666666 0.7333333333333333 0.1078125 0.19027777777777777
