0 0.16614583333333333 0.8027777777777778 0.04791666666666667 0.06388888888888888
0 0.5296875 0.6472222222222223 0.046875 0.0625
0 0.3611979166666667 0.8447916666666667 0.09010416666666667 0.12152777777777778
0 0.48385416666666664 0.5298611111111111 0.11875 0.15
0 0.17760416666666667 0.53125 0.11770833333333333 0.15694444444444444
0 0.7588541666666667 0.23923611111111112 0.09270833333333334 0.11736111111111111
0 0.45338541666666665 0.8371527777777777 0.14427083333333332 0.20208333333333334
0 0.77734375 0.47465277777777776 0.16197916666666667 0.1284722222222222
0 0.6557291666666667 0.31180555555555556 0.125 0.21944444444444444
0 0.3953125 0.5270833333333333 0.19270833333333334 0.49583333333333335
0 0.7401041666666667 0.6732638888888889 0.4354166666666667 0.5701388888888889
0 0.14713541666666666 0.29305555555555557 0.2828125 0.4444444444444444
0 0.31744791666666666 0.13680555555555557 0.5098958333333333 0.12222222222222222
0 0.1578125 0.42951388888888886 0.1625 0.2076388888888889
