0 0.38958333333333334 0.3579861111111111 0.11979166666666667 0.15069444444444444
0 0.5421875 0.33611111111111114 0.11875 0.1597222222222222
0 0.27395833333333336 0.42916666666666664 0.0875 0.12361111111111112
0 0.49192708333333335 0.5982638888888889 0.08489583333333334 0.11597222222222223
0 0.5721354166666667 0.8350694444444444 0.05260416666666667 0.06597222222222222
0 0.8763020833333334 0.4579861111111111 0.0484375 0.06458333333333334
0 0.7520833333333333 0.5270833333333333 0.041666666666666664 0.04861111111111111
0 0.38229166666666664 0.7572916666666667 0.035416666666666666 0.06458333333333334
0 0.6481770833333333 0.7055555555555556 0.07447916666666667 0.09166666666666666
0 0.78828125 0.3298611111111111 0.06614583333333333 0.09861111111111111
