0 0.4986979166666667 0.19409722222222223 0.1171875 0.16041666666666668
0 0.30755208333333334 0.6611111111111111 0.1234375 0.15833333333333333
0 0.4791666666666667 0.6694444444444444 0.04791666666666667 0.06666666666666667
0 0.13125 0.5743055555555555 0.034375 0.05694444444444444
0 0.31223958333333335 0.36770833333333336 0.03802083333333333 0.09930555555555555
0 0.4161458333333333 0.375 0.06145833333333333 0.09444444444444444
0 0.35182291666666665 0.16145833333333334 0.09010416666666667 0.11458333333333333
0 0.09765625 0.3229166666666667 0.09322916666666667 0.1111111111111111
0 0.20338541666666668 0.4513888888888889 0.0484375 0.06111111111111111
0 0.22135416666666666 0.15868055555555555 0.05 0.06319444444444444
