0 0.35885416666666664 0.48125 0.035416666666666666 0.044444444444444446
0 0.8721354166666667 0.4305555555555556 0.0359375 0.04861111111111111
0 0.44973958333333336 0.3246527777777778 0.4953125 0.27847222222222223
0 0.4044270833333333 0.27326388888888886 0.13802083333333334 0.5048611111111111
0 0.7098958333333333 0.35347222222222224 0.471875 0.3680555555555556
0 0.7041666666666667 0.6010416666666667 0.14166666666666666 0.5020833333333333
0 0.7799479166666666 0.1795138888888889 0.26510416666666664 0.33958333333333335
0 0.4466145833333333 0.7670138888888889 0.2015625 0.42291666666666666
0 0.7942708333333334 0.5833333333333334 0.14375 0.17916666666666667
0 0.38828125 0.6385416666666667 0.07760416666666667 0.16458333333333333
0 0.5669270833333333 0.8267361111111111 0.16302083333333334 0.15347222222222223
0 0.5755208333333334 0.7673611111111112 0.15416666666666667 0.07777777777777778
0 0.5419270833333333 0.5704861111111111 0.15260416666666668 0.07847222222222222
0 0.46536458333333336 0.7381944444444445 0.07552083333333333 0.17083333333333334
0 0.5705729166666667 0.4954861111111111 0.12864583333333332 0.10069444444444445
0 0.7158854166666667 0.30451388888888886 0.15677083333333333 0.17847222222222223
