0 0.3455729166666667 0.8805555555555555 0.1203125 0.1597222222222222
0 0.7619791666666667 0.2 0.11979166666666667 0.16666666666666666
0 0.2390625 0.5038194444444445 0.08958333333333333 0.10902777777777778
0 0.46796875 0.16458333333333333 0.08697916666666666 0.11944444444444445
0 0.4765625 0.40381944444444445 0.05 0.06180555555555556
0 0.42994791666666665 0.5892361111111111 0.04739583333333333 0.06319444444444444
0 0.4822916666666667 0.7149305555555555 0.041666666666666664 0.06458333333333334
0 0.5528645833333333 0.8399305555555555 0.03802083333333333 0.05763888888888889
0 0.61328125 0.4579861111111111 0.04635416666666667 0.09930555555555555
0 0.3671875 0.2791666666666667 0.058333333333333334 0.09722222222222222
