0 0.7872395833333333 0.3996527777777778 0.1203125 0.15347222222222223
0 0.2421875 0.3229166666666667 0.121875 0.1597222222222222
0 0.42135416666666664 0.6138888888888889 0.0875 0.12222222222222222
0 0.6296875 0.7461805555555555 0.11770833333333333 0.18541666666666667
0 0.3640625 0.48541666666666666 0.090625 0.10972222222222222
0 0.6622395833333333 0.4444444444444444 0.049479166666666664 0.06666666666666667
0 0.5518229166666667 0.4027777777777778 0.0453125 0.0625
0 0.5236979166666667 0.6743055555555556 0.059895833333333336 0.09583333333333334
0 0.43671875 0.7774305555555555 0.14427083333333332 0.20069444444444445
0 0.4239583333333333 0.27361111111111114 0.109375 0.15138888888888888
0 0.5763020833333333 0.28923611111111114 0.15572916666666667 0.08541666666666667
0 0.49114583333333334 0.8114583333333333 0.075 0.05347222222222222
0 0.5794270833333334 0.5704861111111111 0.3463541666666667 0.33541666666666664
0 0.4322916666666667 0.4947916666666667 0.03125 0.04652777777777778
0 0.17239583333333333 0.6972222222222222 0.21666666666666667 0.39305555555555555
0 0.3494791666666667 0.3597222222222222 0.051041666666666666 0.06805555555555555
0 0.28854166666666664 0.6340277777777777 0.27708333333333335 0.6680555555555555
0 0.16536458333333334 0.8038194444444444 0.044270833333333336 0.06041666666666667
