0 0.24453125 0.671875 0.1140625 0.16319444444444445
0 0.296875 0.17777777777777778 0.11979166666666667 0.1875
0 0.14088541666666668 0.43368055555555557 0.0953125 0.10902777777777778
0 0.5283854166666667 0.05798611111111111 0.033854166666666664 0.04513888888888889
0 0.37916666666666665 0.3503472222222222 0.109375 0.4173611111111111
0 0.5786458333333333 0.5177083333333333 0.16666666666666666 0.12569444444444444
0 0.23203125 0.3107638888888889 0.0453125 0.06458333333333334
0 0.7317708333333334 0.7548611111111111 0.23645833333333333 0.49027777777777776
0 0.39765625 0.7711805555555555 0.030729166666666665 0.09930555555555555
0 0.5177083333333333 0.7170138888888888 0.12708333333333333 0.20902777777777778
0 0.7442708333333333 0.3388888888888889 0.2375 0.6388888888888888
0 0.6252604166666667 0.8326388888888889 0.03802083333333333 0.05416666666666667
0 0.5458333333333333 0.303125 0.09166666666666666 0.1673611111111111
