0 0.2328125 0.17777777777777778 0.12083333333333333 0.1527777777777778
0 0.4895833333333333 0.4041666666666667 0.11979166666666667 0.18611111111111112
0 0.43333333333333335 0.14548611111111112 0.08854166666666667 0.12291666666666666
0 0.2140625 0.5375 0.08645833333333333 0.41805555555555557
0 0.2872395833333333 0.5704861111111111 0.0328125 0.04513888888888889
0 0.34296875 0.29444444444444445 0.0453125 0.06111111111111111
0 0.5528645833333333 0.5086805555555556 0.0609375 0.09652777777777778
0 0.48880208333333336 0.6180555555555556 0.0921875 0.21944444444444444
0 0.55078125 0.7975694444444444 0.3953125 0.2465277777777778
0 0.2830729166666667 0.7545138888888889 0.13489583333333333 0.2076388888888889
0 0.3515625 0.4409722222222222 0.04791666666666667 0.07083333333333333
0 0.3963541666666667 0.6319444444444444 0.09791666666666667 0.16527777777777777
0 0.7171875 0.39861111111111114 0.28125 0.6180555555555556
