0 0.6953125 0.225 0.12083333333333333 0.15694444444444444
0 0.3671875 0.14340277777777777 0.11145833333333334 0.1840277777777778
0 0.5997395833333333 0.18645833333333334 0.12864583333333332 0.18680555555555556
0 0.484375 0.21909722222222222 0.08958333333333333 0.12152777777777778
0 0.36692708333333335 0.4010416666666667 0.04739583333333333 0.06319444444444444
0 0.2755208333333333 0.28923611111111114 0.03333333333333333 0.04236111111111111
0 0.19375 0.5815972222222222 0.035416666666666666 0.04652777777777778
0 0.18697916666666667 0.19027777777777777 0.090625 0.2125
0 0.36354166666666665 0.6711805555555556 0.06666666666666667 0.20347222222222222
0 0.2625 0.4642361111111111 0.36666666666666664 0.24513888888888888
0 0.5104166666666666 0.6458333333333334 0.14583333333333334 0.19722222222222222
0 0.10260416666666666 0.5267361111111111 0.053125 0.10069444444444445
0 0.69609375 0.3458333333333333 0.16302083333333334 0.16111111111111112
0 0.75625 0.5642361111111112 0.30520833333333336 0.27152777777777776
0 0.6223958333333334 0.3472222222222222 0.12916666666666668 0.09583333333333334
0 0.5640625 0.5708333333333333 0.409375 0.5
0 0.46458333333333335 0.7541666666666667 0.04791666666666667 0.06805555555555555
