0 0.35859375 0.2652777777777778 0.11822916666666666 0.15416666666666667
0 0.7065104166666667 0.5940972222222223 0.11302083333333333 0.15902777777777777
0 0.15338541666666666 0.45590277777777777 0.09010416666666667 0.11597222222222223
0 0.44817708333333334 0.903125 0.08385416666666666 0.12430555555555556
0 0.24947916666666667 0.6395833333333333 0.046875 0.05694444444444444
0 0.7575520833333333 0.32916666666666666 0.07239583333333334 0.06388888888888888
0 0.37526041666666665 0.7170138888888888 0.0453125 0.06319444444444444
0 0.528125 0.3111111111111111 0.04791666666666667 0.058333333333333334
0 0.540625 0.7486111111111111 0.04583333333333333 0.05416666666666667
0 0.45078125 0.490625 0.07239583333333334 0.04097222222222222
