0 0.25286458333333334 0.47118055555555555 0.1015625 0.17847222222222223
0 0.63828125 0.6423611111111112 0.1171875 0.19027777777777777
0 0.43307291666666664 0.4371527777777778 0.033854166666666664 0.04513888888888889
0 0.39765625 0.7625 0.0359375 0.04583333333333333
0 0.6236979166666666 0.21840277777777778 0.14322916666666666 0.4201388888888889
0 0.5377604166666666 0.796875 0.03697916666666667 0.10208333333333333
0 0.6708333333333333 0.33125 0.31354166666666666 0.10833333333333334
0 0.403125 0.18958333333333333 0.036458333333333336 0.05694444444444444
0 0.71796875 0.5211805555555555 0.049479166666666664 0.10208333333333333
0 0.4890625 0.5392361111111111 0.11145833333333334 0.14791666666666667
0 0.33307291666666666 0.6611111111111111 0.0515625 0.06666666666666667
0 0.26979166666666665 0.24618055555555557 0.12604166666666666 0.11041666666666666
