0 0.63203125 0.6586805555555556 0.04635416666666667 0.06319444444444444
0 0.5416666666666666 0.7756944444444445 0.046875 0.0625
0 0.084375 0.42604166666666665 0.12291666666666666 0.16458333333333333
0 0.4510416666666667 0.6847222222222222 0.08854166666666667 0.11944444444444445
0 0.6638020833333333 0.3236111111111111 0.12135416666666667 0.1597222222222222
0 0.8190104166666666 0.2989583333333333 0.09010416666666667 0.12291666666666666
0 0.6609375 0.8006944444444445 0.12291666666666666 0.21944444444444444
0 0.5184895833333333 0.159375 0.37135416666666665 0.11875
0 0.71328125 0.43680555555555556 0.49947916666666664 0.2263888888888889
0 0.43359375 0.48333333333333334 0.3848958333333333 0.11944444444444445
0 0.2682291666666667 0.290625 0.13958333333333334 0.20902777777777778
0 0.21145833333333333 0.421875 0.05520833333333333 0.21041666666666667
0 0.27838541666666666 0.7611111111111111 0.5567708333333333 0.325
0 0.8252604166666667 0.6881944444444444 0.16197916666666667 0.07777777777777778
