0 0.4869791666666667 0.5798611111111112 0.1125 0.1625
0 0.6044270833333333 0.775 0.12760416666666666 0.1875
0 0.6799479166666667 0.14756944444444445 0.09114583333333333 0.11875
0 0.62265625 0.25416666666666665 0.05260416666666667 0.20416666666666666
0 0.38307291666666665 0.5746527777777778 0.23177083333333334 0.6715277777777777
0 0.8559895833333333 0.36006944444444444 0.16614583333333333 0.1673611111111111
0 0.59140625 0.5944444444444444 0.033854166666666664 0.04583333333333333
0 0.47552083333333334 0.30972222222222223 0.075 0.034722222222222224
0 0.5809895833333333 0.46805555555555556 0.0453125 0.06388888888888888
0 0.2833333333333333 0.41388888888888886 0.18541666666666667 0.49027777777777776
0 0.68046875 0.48993055555555554 0.1265625 0.06041666666666667
0 0.4270833333333333 0.12118055555555556 0.3145833333333333 0.14097222222222222
0 0.6619791666666667 0.6076388888888888 0.04895833333333333 0.06944444444444445
