0 0.6515625 0.7770833333333333 0.04791666666666667 0.06388888888888888
0 0.32395833333333335 0.484375 0.11458333333333333 0.15625
0 0.8377604166666667 0.6388888888888888 0.09010416666666667 0.11805555555555555
0 0.7333333333333333 0.35833333333333334 0.10520833333333333 0.1875
0 0.6322916666666667 0.6246527777777777 0.034375 0.04513888888888889
0 0.43645833333333334 0.5246527777777777 0.05520833333333333 0.06180555555555556
0 0.23125 0.3559027777777778 0.15729166666666666 0.16597222222222222
0 0.27005208333333336 0.6597222222222222 0.3098958333333333 0.2652777777777778
0 0.6057291666666667 0.4045138888888889 0.16041666666666668 0.08680555555555555
0 0.6919270833333333 0.6298611111111111 0.049479166666666664 0.10972222222222222
0 0.46380208333333334 0.3170138888888889 0.04114583333333333 0.17152777777777778
0 0.5479166666666667 0.16215277777777778 0.50625 0.21041666666666667
0 0.5325520833333334 0.6732638888888889 0.2453125 0.4909722222222222
