0 0.7635416666666667 0.5798611111111112 0.12291666666666666 0.15
0 0.21927083333333333 0.4270833333333333 0.12291666666666666 0.15
0 0.5403645833333334 0.1607638888888889 0.09114583333333333 0.11180555555555556
0 0.46145833333333336 0.746875 0.08854166666666667 0.11458333333333333
0 0.59375 0.4638888888888889 0.04895833333333333 0.0625
0 0.16484375 0.6576388888888889 0.0484375 0.06388888888888888
0 0.41302083333333334 0.46458333333333335 0.053125 0.06944444444444445
0 0.6755208333333333 0.2760416666666667 0.0375 0.09791666666666667
0 0.31354166666666666 0.16597222222222222 0.06770833333333333 0.09444444444444444
0 0.30963541666666666 0.7663194444444444 0.0453125 0.052083333333333336
