0 0.13125 0.4864583333333333 0.11458333333333333 0.16319444444444445
0 0.5236979166666667 0.7322916666666667 0.12239583333333333 0.15902777777777777
0 0.7901041666666667 0.5309027777777777 0.09166666666666666 0.11597222222222223
0 0.2674479166666667 0.5760416666666667 0.09010416666666667 0.1076388888888889
0 0.3765625 0.3125 0.13958333333333334 0.1625
0 0.5666666666666667 0.5756944444444444 0.04895833333333333 0.06388888888888888
0 0.73359375 0.6482638888888889 0.034895833333333334 0.04513888888888889
0 0.4161458333333333 0.6440972222222222 0.09375 0.21875
0 0.27786458333333336 0.4097222222222222 0.04635416666666667 0.058333333333333334
0 0.5640625 0.2934027777777778 0.309375 0.18958333333333333
0 0.74375 0.35347222222222224 0.140625 0.20833333333333334
0 0.6057291666666667 0.5229166666666667 0.19375 0.49444444444444446
0 0.20677083333333332 0.6503472222222222 0.042708333333333334 0.06180555555555556
0 0.37109375 0.20208333333333334 0.47760416666666666 0.3375
0 0.4947916666666667 0.5059027777777778 0.06875 0.08263888888888889
0 0.35833333333333334 0.5680555555555555 0.090625 0.1625
0 0.38984375 0.3958333333333333 0.050520833333333334 0.10277777777777777
0 0.5268229166666667 0.4986111111111111 0.0484375 0.06805555555555555
