0 0.346875 0.8336805555555555 0.10104166666666667 0.17847222222222223
0 0.32265625 0.375 0.14322916666666666 0.15833333333333333
0 0.5216145833333333 0.8045138888888889 0.034895833333333334 0.04513888888888889
0 0.55546875 0.1267361111111111 0.034895833333333334 0.04652777777777778
0 0.4317708333333333 0.17256944444444444 0.04895833333333333 0.10347222222222222
0 0.46015625 0.6131944444444445 0.0484375 0.06805555555555555
0 0.8213541666666667 0.609375 0.041666666666666664 0.10069444444444445
0 0.25807291666666665 0.659375 0.26510416666666664 0.34791666666666665
0 0.7322916666666667 0.16666666666666666 0.25625 0.3333333333333333
0 0.75078125 0.4170138888888889 0.12864583333333332 0.08819444444444445
0 0.6903645833333333 0.7166666666666667 0.1078125 0.15555555555555556
0 0.66640625 0.28055555555555556 0.050520833333333334 0.07222222222222222
