0 0.11145833333333334 0.4635416666666667 0.12395833333333334 0.1451388888888889
0 0.6333333333333333 0.315625 0.07604166666666666 0.16180555555555556
0 0.46015625 0.7677083333333333 0.08177083333333333 0.12569444444444444
0 0.459375 0.3909722222222222 0.03333333333333333 0.044444444444444446
0 0.4984375 0.2517361111111111 0.15520833333333334 0.17847222222222223
0 0.6458333333333334 0.5555555555555556 0.49166666666666664 0.12777777777777777
0 0.5385416666666667 0.3857638888888889 0.09583333333333334 0.21041666666666667
0 0.2986979166666667 0.734375 0.058854166666666666 0.1701388888888889
0 0.390625 0.6052083333333333 0.04583333333333333 0.06041666666666667
0 0.6088541666666667 0.6538194444444444 0.07083333333333333 0.08125
0 0.6166666666666667 0.7954861111111111 0.37604166666666666 0.3548611111111111
0 0.2877604166666667 0.49166666666666664 0.24010416666666667 0.3611111111111111
0 0.32916666666666666 0.253125 0.04583333333333333 0.05486111111111111
