0 0.6828125 0.3763888888888889 0.11666666666666667 0.16527777777777777
0 0.34921875 0.5739583333333333 0.08802083333333334 0.12152777777777778
0 0.7546875 0.5517361111111111 0.13125 0.1840277777777778
0 0.47708333333333336 0.21875 0.13541666666666666 0.14166666666666666
0 0.5619791666666667 0.346875 0.035416666666666666 0.04513888888888889
0 0.7552083333333334 0.47708333333333336 0.159375 0.13333333333333333
0 0.5578125 0.878125 0.453125 0.12291666666666666
0 0.5778645833333333 0.17708333333333334 0.033854166666666664 0.041666666666666664
0 0.23151041666666666 0.703125 0.16510416666666666 0.13819444444444445
0 0.4703125 0.3121527777777778 0.051041666666666666 0.06041666666666667
0 0.40338541666666666 0.3170138888888889 0.0765625 0.06319444444444444
0 0.25546875 0.5270833333333333 0.15572916666666667 0.10833333333333334
0 0.559375 0.5579861111111111 0.421875 0.4840277777777778
0 0.3958333333333333 0.5215277777777778 0.1125 0.4111111111111111
0 0.4630208333333333 0.2638888888888889 0.15833333333333333 0.10416666666666667
0 0.43984375 0.34930555555555554 0.0515625 0.0625
0 0.77890625 0.4704861111111111 0.12864583333333332 0.11597222222222223
