0 0.43515625 0.3434027777777778 0.12239583333333333 0.15069444444444444
0 0.5958333333333333 0.27326388888888886 0.121875 0.1909722222222222
0 0.6596354166666667 0.6017361111111111 0.09114583333333333 0.11736111111111111
0 0.6364583333333333 0.8076388888888889 0.10416666666666667 0.2125
0 0.37109375 0.6538194444444444 0.0328125 0.04513888888888889
0 0.2921875 0.48055555555555557 0.09895833333333333 0.22916666666666666
0 0.5109375 0.7583333333333333 0.046875 0.09861111111111111
0 0.36223958333333334 0.7701388888888889 0.31197916666666664 0.20555555555555555
0 0.5135416666666667 0.5725694444444445 0.13125 0.07847222222222222
0 0.7653645833333333 0.3729166666666667 0.2453125 0.6388888888888888
0 0.16171875 0.5166666666666667 0.0453125 0.059722222222222225
0 0.3263020833333333 0.22604166666666667 0.3484375 0.32430555555555557
0 0.65078125 0.4392361111111111 0.03697916666666667 0.05625
