0 0.8325520833333333 0.44479166666666664 0.11510416666666666 0.15347222222222223
0 0.39791666666666664 0.3892361111111111 0.20729166666666668 0.47708333333333336
0 0.5947916666666667 0.09375 0.15625 0.17777777777777778
0 0.52890625 0.6677083333333333 0.3182291666666667 0.6645833333333333
0 0.6807291666666667 0.234375 0.49270833333333336 0.21180555555555555
0 0.14635416666666667 0.6805555555555556 0.17395833333333333 0.5
0 0.37734375 0.6777777777777778 0.10885416666666667 0.23194444444444445
0 0.8036458333333333 0.7954861111111111 0.10104166666666667 0.21458333333333332
0 0.6619791666666667 0.9177083333333333 0.17395833333333333 0.15069444444444444
0 0.6473958333333333 0.7895833333333333 0.08854166666666667 0.12777777777777777
0 0.2765625 0.7756944444444445 0.08854166666666667 0.12777777777777777
0 0.2677083333333333 0.6190972222222222 0.052083333333333336 0.06597222222222222
0 0.7885416666666667 0.5635416666666667 0.051041666666666666 0.06597222222222222
0 0.19427083333333334 0.26493055555555556 0.11770833333333333 0.17152777777777778
