0 0.7268229166666667 0.3680555555555556 0.11927083333333334 0.1527777777777778
0 0.6471354166666666 0.7090277777777778 0.12135416666666667 0.15555555555555556
0 0.39348958333333334 0.8819444444444444 0.0921875 0.12083333333333333
0 0.3375 0.42916666666666664 0.08958333333333333 0.11805555555555555
0 0.5611979166666666 0.3434027777777778 0.049479166666666664 0.06319444444444444
0 0.22526041666666666 0.5243055555555556 0.04739583333333333 0.0625
0 0.4205729166666667 0.6885416666666667 0.050520833333333334 0.06736111111111111
0 0.47708333333333336 0.5138888888888888 0.03229166666666667 0.05416666666666667
0 0.29348958333333336 0.6611111111111111 0.04114583333333333 0.09722222222222222
0 0.4359375 0.2795138888888889 0.07395833333333333 0.06736111111111111
