0 0.3106770833333333 0.7440972222222222 0.07552083333333333 0.16180555555555556
0 0.6283854166666667 0.8670138888888889 0.0890625 0.17291666666666666
0 0.6427083333333333 0.409375 0.034375 0.04513888888888889
0 0.646875 0.1798611111111111 0.315625 0.175
0 0.7927083333333333 0.25729166666666664 0.035416666666666666 0.04513888888888889
0 0.46432291666666664 0.6722222222222223 0.12239583333333333 0.058333333333333334
0 0.44140625 0.28194444444444444 0.03697916666666667 0.05555555555555555
0 0.24921875 0.3885416666666667 0.21614583333333334 0.3784722222222222
0 0.8494791666666667 0.703125 0.09375 0.16041666666666668
0 0.7916666666666666 0.5246527777777777 0.053125 0.09930555555555555
0 0.35833333333333334 0.5381944444444444 0.041666666666666664 0.09861111111111111
0 0.5088541666666667 0.49930555555555556 0.0375 0.05694444444444444
