0 0.35260416666666666 0.6736111111111112 0.04583333333333333 0.0625
0 0.23463541666666668 0.6576388888888889 0.11614583333333334 0.1625
0 0.6544270833333333 0.7729166666666667 0.0890625 0.12222222222222222
0 0.4153645833333333 0.5833333333333334 0.0359375 0.10555555555555556
0 0.56796875 0.6072916666666667 0.05364583333333333 0.07569444444444444
0 0.36171875 0.4829861111111111 0.0359375 0.052083333333333336
0 0.13307291666666668 0.4798611111111111 0.0609375 0.1763888888888889
0 0.278125 0.46319444444444446 0.11145833333333334 0.1875
0 0.6869791666666667 0.3684027777777778 0.13541666666666666 0.21180555555555555
0 0.6580729166666667 0.5760416666666667 0.29635416666666664 0.42569444444444443
0 0.41744791666666664 0.2743055555555556 0.4890625 0.3277777777777778
0 0.7953125 0.41423611111111114 0.22916666666666666 0.38263888888888886
0 0.4473958333333333 0.43020833333333336 0.07708333333333334 0.22013888888888888
