0 0.8263020833333333 0.34270833333333334 0.12239583333333333 0.14652777777777778
0 0.328125 0.48194444444444445 0.11875 0.14444444444444443
0 0.7546875 0.5319444444444444 0.09166666666666666 0.11388888888888889
0 0.40546875 0.20173611111111112 0.08177083333333333 0.12291666666666666
0 0.58515625 0.4097222222222222 0.07239583333333334 0.08333333333333333
0 0.6692708333333334 0.6524305555555555 0.04895833333333333 0.06875
0 0.6802083333333333 0.34097222222222223 0.051041666666666666 0.07222222222222222
0 0.5934895833333333 0.17847222222222223 0.04739583333333333 0.059722222222222225
0 0.5161458333333333 0.559375 0.04791666666666667 0.06875
0 0.5361979166666667 0.7652777777777777 0.03177083333333333 0.09722222222222222
