0 0.5666666666666667 0.5145833333333333 0.034375 0.04861111111111111
0 0.3494791666666667 0.8798611111111111 0.034375 0.04583333333333333
0 0.6690104166666667 0.8572916666666667 0.4390625 0.1909722222222222
0 0.390625 0.4996527777777778 0.28541666666666665 0.43680555555555556
0 0.83515625 0.534375 0.26614583333333336 0.6298611111111111
0 0.3572916666666667 0.5194444444444445 0.2875 0.6166666666666667
0 0.5515625 0.7322916666666667 0.3125 0.12013888888888889
0 0.6658854166666667 0.2847222222222222 0.17239583333333333 0.4027777777777778
0 0.4734375 0.49930555555555556 0.10520833333333333 0.15416666666666667
0 0.4825520833333333 0.8347222222222223 0.0515625 0.17083333333333334
0 0.83125 0.6579861111111112 0.09166666666666666 0.2076388888888889
0 0.6388020833333333 0.21458333333333332 0.12447916666666667 0.20694444444444443
0 0.3572916666666667 0.6895833333333333 0.16145833333333334 0.14027777777777778
0 0.59375 0.3972222222222222 0.10833333333333334 0.21944444444444444
0 0.7622395833333333 0.6708333333333333 0.14114583333333333 0.15694444444444444
0 0.7861979166666667 0.7611111111111111 0.10572916666666667 0.18194444444444444
