0 0.4234375 0.22361111111111112 0.13020833333333334 0.1597222222222222
0 0.5971354166666667 0.11944444444444445 0.10572916666666667 0.17916666666666667
0 0.7119791666666667 0.471875 0.08958333333333333 0.11875
0 0.6395833333333333 0.7996527777777778 0.1625 0.10902777777777778
0 0.47994791666666664 0.35659722222222223 0.0453125 0.06319444444444444
0 0.3658854166666667 0.478125 0.0359375 0.04652777777777778
0 0.5471354166666667 0.6753472222222222 0.36614583333333334 0.08125
0 0.78203125 0.3347222222222222 0.1453125 0.4125
0 0.00060342109375 0.00022959895833333334 0.00016517552083333335 0.0004591979166666667
0 0.35625 0.3951388888888889 0.07291666666666667 0.08611111111111111
0 0.5161458333333333 0.5298611111111111 0.134375 0.20277777777777778
0 0.35546875 0.5239583333333333 0.12552083333333333 0.11875
0 0.384375 0.8569444444444444 0.041666666666666664 0.06388888888888888
