0 0.28098958333333335 0.25972222222222224 0.04739583333333333 0.06388888888888888
0 0.76953125 0.7440972222222222 0.11927083333333334 0.15347222222222223
0 0.5888020833333333 0.45868055555555554 0.04635416666666667 0.06319444444444444
0 0.3294270833333333 0.8395833333333333 0.0890625 0.11805555555555555
0 0.8903645833333333 0.6423611111111112 0.0984375 0.11666666666666667
0 0.5098958333333333 0.8381944444444445 0.115625 0.15555555555555556
0 0.4203125 0.32430555555555557 0.12916666666666668 0.2222222222222222
0 0.34010416666666665 0.5482638888888889 0.16354166666666667 0.19375
0 0.6309895833333333 0.428125 0.16302083333333334 0.1423611111111111
0 0.7229166666666667 0.2309027777777778 0.48125 0.35347222222222224
0 0.4515625 0.5770833333333333 0.17708333333333334 0.5013888888888889
0 0.5877604166666667 0.659375 0.05364583333333333 0.21458333333333332
0 0.1859375 0.5131944444444444 0.17291666666666666 0.6708333333333333
0 0.5989583333333334 0.271875 0.34375 0.34097222222222223
