0 0.4544270833333333 0.8868055555555555 0.1140625 0.1625
0 0.23984375 0.6899305555555556 0.0921875 0.11319444444444444
0 0.5015625 0.33541666666666664 0.12083333333333333 0.1527777777777778
0 0.7520833333333333 0.6340277777777777 0.08958333333333333 0.11805555555555555
0 0.54609375 0.5510416666666667 0.04635416666666667 0.06458333333333334
0 0.36640625 0.70625 0.0453125 0.0625
0 0.73046875 0.8072916666666666 0.07552083333333333 0.05763888888888889
0 0.3572916666666667 0.5145833333333333 0.06770833333333333 0.03333333333333333
0 0.48333333333333334 0.7090277777777778 0.046875 0.06666666666666667
0 0.7098958333333333 0.46041666666666664 0.051041666666666666 0.06944444444444445
