0 0.4075520833333333 0.15555555555555556 0.12135416666666667 0.1527777777777778
0 0.41380208333333335 0.4322916666666667 0.13489583333333333 0.12708333333333333
0 0.24088541666666666 0.15069444444444444 0.09010416666666667 0.12083333333333333
0 0.63359375 0.08611111111111111 0.16927083333333334 0.12638888888888888
0 0.4471354166666667 0.6149305555555555 0.044270833333333336 0.059027777777777776
0 0.5481770833333334 0.7072916666666667 0.5192708333333333 0.24513888888888888
0 0.29296875 0.5954861111111112 0.13385416666666666 0.20347222222222222
0 0.6486979166666667 0.5090277777777777 0.033854166666666664 0.04583333333333333
0 0.8315104166666667 0.5638888888888889 0.06927083333333334 0.09722222222222222
0 0.6385416666666667 0.24965277777777778 0.12916666666666668 0.0798611111111111
0 0.20755208333333333 0.42986111111111114 0.2734375 0.3347222222222222
0 0.68125 0.37777777777777777 0.37083333333333335 0.18472222222222223
0 0.446875 0.9020833333333333 0.04791666666666667 0.06666666666666667
