0 0.7354166666666667 0.4795138888888889 0.125 0.1451388888888889
0 0.40260416666666665 0.6746527777777778 0.11041666666666666 0.18263888888888888
0 0.26223958333333336 0.671875 0.09010416666666667 0.12291666666666666
0 0.5973958333333333 0.5524305555555555 0.034375 0.04513888888888889
0 0.49583333333333335 0.5020833333333333 0.15208333333333332 0.2013888888888889
0 0.521875 0.6833333333333333 0.04791666666666667 0.06527777777777778
0 0.25286458333333334 0.43333333333333335 0.15572916666666667 0.16805555555555557
0 0.5635416666666667 0.8770833333333333 0.6510416666666666 0.1361111111111111
0 0.6356770833333333 0.7652777777777777 0.04635416666666667 0.10416666666666667
0 0.840625 0.3836805555555556 0.259375 0.4548611111111111
0 0.46770833333333334 0.27361111111111114 0.20208333333333334 0.39861111111111114
0 0.7828125 0.7496527777777777 0.13125 0.08402777777777778
0 0.6083333333333333 0.4027777777777778 0.05416666666666667 0.07222222222222222
