0 0.7140625 0.7736111111111111 0.121875 0.15555555555555556
0 0.34348958333333335 0.27847222222222223 0.12239583333333333 0.15138888888888888
0 0.409375 0.6784722222222223 0.08854166666666667 0.12222222222222222
0 0.6533854166666667 0.5868055555555556 0.08802083333333334 0.12083333333333333
0 0.23255208333333333 0.2708333333333333 0.15364583333333334 0.2
0 0.471875 0.79375 0.07291666666666667 0.21388888888888888
0 0.25755208333333335 0.43993055555555555 0.10052083333333334 0.22013888888888888
0 0.8033854166666666 0.44722222222222224 0.15364583333333334 0.2
0 0.4783854166666667 0.9388888888888889 0.04635416666666667 0.059722222222222225
0 0.6182291666666667 0.48055555555555557 0.04375 0.05555555555555555
0 0.7921875 0.4892361111111111 0.28541666666666665 0.4340277777777778
0 0.35572916666666665 0.5347222222222222 0.365625 0.5625
0 0.49973958333333335 0.17465277777777777 0.5036458333333333 0.16319444444444445
0 0.55078125 0.6930555555555555 0.1796875 0.49027777777777776
