0 0.3028645833333333 0.3215277777777778 0.03697916666666667 0.04722222222222222
0 0.6260416666666667 0.4479166666666667 0.03333333333333333 0.04583333333333333
0 0.33307291666666666 0.5121527777777778 0.37864583333333335 0.5590277777777778
0 0.6861979166666666 0.5270833333333333 0.22239583333333332 0.6625
0 0.5088541666666667 0.6746527777777778 0.3697916666666667 0.23125
0 0.42942708333333335 0.5517361111111111 0.37447916666666664 0.12986111111111112
0 0.5518229166666667 0.7572916666666667 0.08489583333333334 0.16875
0 0.42734375 0.265625 0.12552083333333333 0.18819444444444444
0 0.23411458333333332 0.6392361111111111 0.0734375 0.22152777777777777
0 0.75390625 0.6930555555555555 0.1234375 0.21944444444444444
0 0.75 0.5482638888888889 0.31666666666666665 0.07152777777777777
0 0.5158854166666667 0.27847222222222223 0.2953125 0.2625
0 0.6497395833333334 0.7944444444444444 0.14739583333333334 0.18888888888888888
0 0.29739583333333336 0.428125 0.09583333333333334 0.21597222222222223
0 0.5114583333333333 0.3892361111111111 0.090625 0.16597222222222222
0 0.596875 0.7972222222222223 0.103125 0.1486111111111111
