0 0.11848958333333333 0.4340277777777778 0.12135416666666667 0.15
0 0.36302083333333335 0.5996527777777778 0.1125 0.15486111111111112
0 0.41171875 0.23645833333333333 0.0890625 0.12152777777777778
0 0.14505208333333333 0.6649305555555556 0.0890625 0.11597222222222223
0 0.21041666666666667 0.3017361111111111 0.05 0.06319444444444444
0 0.5713541666666667 0.8163194444444445 0.05 0.06597222222222222
0 0.5822916666666667 0.509375 0.04791666666666667 0.06875
0 0.5364583333333334 0.25833333333333336 0.05 0.06805555555555555
0 0.3059895833333333 0.35208333333333336 0.07760416666666667 0.09027777777777778
0 0.32317708333333334 0.8583333333333333 0.04635416666666667 0.10694444444444444
