0 0.26640625 0.31805555555555554 0.38385416666666666 0.5458333333333333
0 0.259375 0.528125 0.25104166666666666 0.6479166666666667
0 0.5598958333333334 0.7760416666666666 0.39375 0.21736111111111112
0 0.5486979166666667 0.6579861111111112 0.18802083333333333 0.5020833333333333
0 0.42552083333333335 0.31319444444444444 0.3072916666666667 0.20694444444444443
0 0.40651041666666665 0.20798611111111112 0.31197916666666664 0.09652777777777778
0 0.3875 0.7520833333333333 0.057291666666666664 0.1736111111111111
0 0.5018229166666667 0.7038194444444444 0.0734375 0.16875
0 0.3484375 0.5197916666666667 0.14791666666666667 0.17291666666666666
0 0.40234375 0.259375 0.15989583333333332 0.11736111111111111
0 0.6317708333333333 0.5545138888888889 0.09166666666666666 0.21736111111111112
0 0.46770833333333334 0.553125 0.12708333333333333 0.21180555555555555
0 0.5036458333333333 0.4517361111111111 0.13541666666666666 0.1840277777777778
0 0.459375 0.14930555555555555 0.11875 0.09305555555555556
0 0.3684895833333333 0.09270833333333334 0.0296875 0.04375
0 0.45807291666666666 0.7493055555555556 0.03177083333333333 0.041666666666666664
