0 0.3143229166666667 0.6034722222222222 0.1109375 0.16111111111111112
0 0.6072916666666667 0.2586805555555556 0.13541666666666666 0.18680555555555556
0 0.44817708333333334 0.7975694444444444 0.08802083333333334 0.12569444444444444
0 0.20807291666666666 0.47291666666666665 0.058854166666666666 0.4125
0 0.5716145833333334 0.5055555555555555 0.0984375 0.21388888888888888
0 0.4828125 0.31875 0.04375 0.06527777777777778
0 0.659375 0.7333333333333333 0.029166666666666667 0.09722222222222222
0 0.6643229166666667 0.4684027777777778 0.0828125 0.22013888888888888
0 0.75625 0.3857638888888889 0.13854166666666667 0.66875
0 0.3229166666666667 0.11458333333333333 0.37604166666666666 0.19722222222222222
0 0.3140625 0.3590277777777778 0.08020833333333334 0.17083333333333334
0 0.37864583333333335 0.19930555555555557 0.052083333333333336 0.06805555555555555
