0 0.48541666666666666 0.4486111111111111 0.11770833333333333 0.1527777777777778
0 0.46432291666666664 0.19166666666666668 0.11197916666666667 0.15833333333333333
0 0.328125 0.4954861111111111 0.08645833333333333 0.11736111111111111
0 0.8278645833333333 0.634375 0.09010416666666667 0.11319444444444444
0 0.7598958333333333 0.4065972222222222 0.05 0.06180555555555556
0 0.6783854166666666 0.6208333333333333 0.04635416666666667 0.059722222222222225
0 0.703125 0.2267361111111111 0.04583333333333333 0.05347222222222222
0 0.40677083333333336 0.6864583333333333 0.042708333333333334 0.06180555555555556
0 0.5890625 0.25625 0.07395833333333333 0.05416666666666667
0 0.59296875 0.6815972222222222 0.05677083333333333 0.09930555555555555
