0 0.63828125 0.39861111111111114 0.0921875 0.1736111111111111
0 0.19010416666666666 0.2947916666666667 0.0875 0.17430555555555555
0 0.8130208333333333 0.5642361111111112 0.034375 0.04513888888888889
0 0.39296875 0.21319444444444444 0.0765625 0.07361111111111111
0 0.5752604166666667 0.7621527777777778 0.0359375 0.04652777777777778
0 0.36015625 0.7163194444444444 0.04739583333333333 0.05486111111111111
0 0.7263020833333333 0.6461805555555555 0.030729166666666665 0.09791666666666667
0 0.7703125 0.22083333333333333 0.240625 0.35555555555555557
0 0.23020833333333332 0.5791666666666667 0.25729166666666664 0.35694444444444445
0 0.5234375 0.665625 0.11979166666666667 0.13680555555555557
0 0.44921875 0.8475694444444445 0.09010416666666667 0.1701388888888889
0 0.3854166666666667 0.5371527777777778 0.053125 0.07291666666666667
