0 0.10598958333333333 0.7729166666666667 0.1203125 0.15555555555555556
0 0.7684895833333333 0.42916666666666664 0.12239583333333333 0.15138888888888888
0 0.7604166666666666 0.8913194444444444 0.090625 0.11875
0 0.41458333333333336 0.4128472222222222 0.08958333333333333 0.11875
0 0.8143229166666667 0.6611111111111111 0.13697916666666668 0.21666666666666667
0 0.6190104166666667 0.28715277777777776 0.1671875 0.12152777777777778
0 0.4083333333333333 0.9256944444444445 0.04895833333333333 0.06527777777777778
0 0.8083333333333333 0.5756944444444444 0.04583333333333333 0.059722222222222225
0 0.67109375 0.8034722222222223 0.16614583333333333 0.175
0 0.44244791666666666 0.26840277777777777 0.4734375 0.38125
0 0.41744791666666664 0.6256944444444444 0.49947916666666664 0.1527777777777778
0 0.10104166666666667 0.37222222222222223 0.16354166666666667 0.09166666666666666
0 0.23385416666666667 0.5395833333333333 0.3729166666666667 0.15138888888888888
0 0.440625 0.7510416666666667 0.37916666666666665 0.17569444444444443
