0 0.23098958333333333 0.2111111111111111 0.049479166666666664 0.06527777777777778
0 0.48984375 0.40347222222222223 0.044270833333333336 0.059722222222222225
0 0.31927083333333334 0.10173611111111111 0.121875 0.15208333333333332
0 0.7127604166666667 0.22152777777777777 0.09010416666666667 0.11527777777777778
0 0.7770833333333333 0.6336805555555556 0.11458333333333333 0.15625
0 0.17526041666666667 0.5965277777777778 0.09010416666666667 0.11805555555555555
0 0.5317708333333333 0.6322916666666667 0.06041666666666667 0.20902777777777778
0 0.8611979166666667 0.41875 0.1390625 0.20694444444444443
0 0.6947916666666667 0.8336805555555555 0.146875 0.2048611111111111
0 0.6447916666666667 0.2635416666666667 0.20208333333333334 0.4965277777777778
0 0.3390625 0.6079861111111111 0.29375 0.4131944444444444
0 0.5515625 0.31979166666666664 0.2520833333333333 0.6395833333333333
0 0.35208333333333336 0.8454861111111112 0.6239583333333333 0.29791666666666666
0 0.4088541666666667 0.40381944444444445 0.140625 0.21041666666666667
