0 0.7682291666666666 0.47604166666666664 0.052083333333333336 0.06180555555555556
0 0.5955729166666667 0.8260416666666667 0.05260416666666667 0.06458333333333334
0 0.28854166666666664 0.6479166666666667 0.11458333333333333 0.1597222222222222
0 0.8247395833333333 0.6725694444444444 0.09427083333333333 0.11180555555555556
0 0.18697916666666667 0.3190972222222222 0.090625 0.12152777777777778
0 0.703125 0.23333333333333334 0.1 0.21666666666666667
0 0.5494791666666666 0.3420138888888889 0.12604166666666666 0.15208333333333332
0 0.48098958333333336 0.38263888888888886 0.1671875 0.14583333333333334
0 0.7455729166666667 0.8631944444444445 0.1671875 0.14444444444444443
0 0.53359375 0.5121527777777778 0.3723958333333333 0.22847222222222222
0 0.22083333333333333 0.46979166666666666 0.171875 0.12430555555555556
0 0.00014382135416666667 0.0008564065972222223 0.00028764270833333335 0.00032392430555555553
0 0.4546875 0.15555555555555556 0.5 0.23194444444444445
0 0.14479166666666668 0.6756944444444445 0.25 0.48194444444444445
