0 0.54453125 0.16180555555555556 0.1203125 0.1527777777777778
0 0.59609375 0.6895833333333333 0.13385416666666666 0.13333333333333333
0 0.44895833333333335 0.19270833333333334 0.08958333333333333 0.12013888888888889
0 0.16875 0.5097222222222222 0.12083333333333333 0.10555555555555556
0 0.72734375 0.4583333333333333 0.034895833333333334 0.04583333333333333
0 0.49322916666666666 0.6076388888888888 0.03333333333333333 0.04722222222222222
0 0.48671875 0.5131944444444444 0.04739583333333333 0.06527777777777778
0 0.31875 0.5791666666666667 0.13125 0.20972222222222223
0 0.31692708333333336 0.36770833333333336 0.3765625 0.2048611111111111
0 0.5200520833333333 0.8111111111111111 0.34010416666666665 0.20833333333333334
0 0.3763020833333333 0.6645833333333333 0.1640625 0.1527777777777778
0 0.21953125 0.3232638888888889 0.05364583333333333 0.07430555555555556
0 0.140625 0.30520833333333336 0.16770833333333332 0.11597222222222223
0 0.528125 0.553125 0.05 0.10069444444444445
0 0.7309895833333333 0.7239583333333334 0.1453125 0.18680555555555556
0 0.4544270833333333 0.603125 0.11302083333333333 0.15069444444444444
0 0.590625 0.3576388888888889 0.44375 0.41944444444444445
