0 0.6028645833333334 0.7645833333333333 0.1234375 0.15138888888888888
0 0.18072916666666666 0.6041666666666666 0.1375 0.175
0 0.83671875 0.5267361111111111 0.0921875 0.10902777777777778
0 0.23203125 0.084375 0.033854166666666664 0.04375
0 0.64453125 0.14722222222222223 0.3140625 0.14444444444444443
0 0.43359375 0.37083333333333335 0.16302083333333334 0.14166666666666666
0 0.4981770833333333 0.684375 0.2828125 0.41875
0 0.5791666666666667 0.2607638888888889 0.03333333333333333 0.05347222222222222
0 0.6893229166666667 0.3746527777777778 0.04739583333333333 0.06041666666666667
0 0.6989583333333333 0.4954861111111111 0.07395833333333333 0.07430555555555556
0 0.39739583333333334 0.15555555555555556 0.15729166666666666 0.10277777777777777
0 0.2453125 0.41805555555555557 0.3854166666666667 0.5472222222222223
0 0.7494791666666667 0.6684027777777778 0.05625 0.16875
