0 0.5244791666666667 0.8673611111111111 0.10208333333333333 0.17916666666666667
0 0.4484375 0.5673611111111111 0.11145833333333334 0.18194444444444444
0 0.36692708333333335 0.8875 0.12239583333333333 0.2222222222222222
0 0.8473958333333333 0.6600694444444445 0.035416666666666666 0.04513888888888889
0 0.4786458333333333 0.35520833333333335 0.165625 0.12986111111111112
0 0.31145833333333334 0.221875 0.15729166666666666 0.12708333333333333
0 0.5979166666666667 0.5194444444444445 0.10104166666666667 0.2111111111111111
0 0.3372395833333333 0.6822916666666666 0.3734375 0.15625
0 0.23515625 0.8486111111111111 0.4515625 0.275
0 0.30625 0.15729166666666666 0.035416666666666666 0.04513888888888889
0 0.6739583333333333 0.6246527777777777 0.20104166666666667 0.3923611111111111
0 0.76328125 0.29583333333333334 0.18697916666666667 0.39861111111111114
0 0.5408854166666667 0.22465277777777778 0.4432291666666667 0.4354166666666667
0 0.16901041666666666 0.5309027777777777 0.3359375 0.59375
0 0.2981770833333333 0.4934027777777778 0.12447916666666667 0.08958333333333333
0 0.19010416666666666 0.19826388888888888 0.07395833333333333 0.17430555555555555
