0 0.5838541666666667 0.6527777777777778 0.12291666666666666 0.15138888888888888
0 0.80546875 0.6795138888888889 0.0890625 0.12291666666666666
0 0.40234375 0.46284722222222224 0.13072916666666667 0.1840277777777778
0 0.6541666666666667 0.4739583333333333 0.034375 0.04513888888888889
0 0.41875 0.9260416666666667 0.04375 0.06319444444444444
0 0.29713541666666665 0.2642361111111111 0.1421875 0.20625
0 0.6138020833333333 0.8260416666666667 0.42239583333333336 0.10625
0 0.5518229166666667 0.3854166666666667 0.15260416666666668 0.16527777777777777
0 0.7041666666666667 0.24895833333333334 0.42604166666666665 0.45625
0 0.30911458333333336 0.5236111111111111 0.2640625 0.3402777777777778
0 0.17630208333333333 0.6277777777777778 0.1046875 0.15833333333333333
0 0.15911458333333334 0.7388888888888889 0.07239583333333334 0.03888888888888889
0 0.30494791666666665 0.7826388888888889 0.0453125 0.0625
