0 0.5979166666666667 0.7048611111111112 0.115625 0.18611111111111112
0 0.7158854166666667 0.11805555555555555 0.1234375 0.15
0 0.43671875 0.5121527777777778 0.0921875 0.11319444444444444
0 0.2721354166666667 0.2326388888888889 0.0984375 0.22083333333333333
0 0.50546875 0.07430555555555556 0.0359375 0.044444444444444446
0 0.75546875 0.38263888888888886 0.3692708333333333 0.24027777777777778
0 0.7270833333333333 0.6190972222222222 0.046875 0.06458333333333334
0 0.56015625 0.47638888888888886 0.1546875 0.09305555555555556
0 0.24713541666666666 0.6635416666666667 0.3723958333333333 0.6368055555555555
0 0.5596354166666667 0.23854166666666668 0.12239583333333333 0.13125
0 0.4596354166666667 0.71875 0.24322916666666666 0.36666666666666664
0 0.8169270833333333 0.6284722222222222 0.05260416666666667 0.09861111111111111
0 0.41953125 0.30104166666666665 0.050520833333333334 0.07013888888888889
