0 0.37890625 0.6027777777777777 0.04635416666666667 0.06111111111111111
0 0.12760416666666666 0.08576388888888889 0.04791666666666667 0.06458333333333334
0 0.40338541666666666 0.8305555555555556 0.12239583333333333 0.1527777777777778
0 0.59609375 0.384375 0.1171875 0.15069444444444444
0 0.6044270833333333 0.9173611111111111 0.08802083333333334 0.12222222222222222
0 0.4981770833333333 0.6993055555555555 0.10260416666666666 0.2125
0 0.49557291666666664 0.48159722222222223 0.0546875 0.2048611111111111
0 0.5526041666666667 0.06840277777777778 0.08854166666666667 0.12569444444444444
0 0.7421875 0.39652777777777776 0.08958333333333333 0.2222222222222222
0 0.23359375 0.5097222222222222 0.1640625 0.5013888888888889
0 0.0005924583333333334 0.0008646604166666667 0.00014325 0.00034043194444444445
0 0.3611979166666667 0.14340277777777777 0.15885416666666666 0.08125
0 0.596875 0.221875 0.48333333333333334 0.34097222222222223
0 0.0005805807291666666 0.00022868229166666667 0.00011949479166666666 0.00045736458333333333
