0 0.27630208333333334 0.7315972222222222 0.05572916666666667 0.06319444444444444
0 0.12838541666666667 0.48506944444444444 0.0484375 0.06458333333333334
0 0.7651041666666667 0.46597222222222223 0.08854166666666667 0.12083333333333333
0 0.42734375 0.27291666666666664 0.11197916666666667 0.15555555555555556
0 0.33567708333333335 0.5184027777777778 0.11510416666666666 0.15902777777777777
0 0.17890625 0.25069444444444444 0.09114583333333333 0.11527777777777778
0 0.66484375 0.35694444444444445 0.34739583333333335 0.33194444444444443
0 0.4596354166666667 0.7333333333333333 0.2421875 0.5
0 0.37916666666666665 0.7663194444444444 0.103125 0.22291666666666668
0 0.6268229166666667 0.45590277777777777 0.1515625 0.19375
0 0.7510416666666667 0.628125 0.48854166666666665 0.29375
0 0.5276041666666667 0.11006944444444444 0.08333333333333333 0.22013888888888888
0 0.6486979166666667 0.16701388888888888 0.16614583333333333 0.1951388888888889
0 0.2520833333333333 0.35555555555555557 0.2125 0.6722222222222223
