0 0.8208333333333333 0.7277777777777777 0.11354166666666667 0.15833333333333333
0 0.22734375 0.19027777777777777 0.12135416666666667 0.16666666666666666
0 0.15208333333333332 0.39861111111111114 0.090625 0.12083333333333333
0 0.23567708333333334 0.634375 0.0921875 0.11458333333333333
0 0.2908854166666667 0.3472222222222222 0.0453125 0.06111111111111111
0 0.44869791666666664 0.5479166666666667 0.0484375 0.059722222222222225
0 0.3854166666666667 0.43194444444444446 0.051041666666666666 0.07083333333333333
0 0.4114583333333333 0.7947916666666667 0.052083333333333336 0.06875
0 0.35052083333333334 0.6243055555555556 0.075 0.059722222222222225
0 0.678125 0.3454861111111111 0.07291666666666667 0.07708333333333334
