0 0.5416666666666666 0.596875 0.12083333333333333 0.15625
0 0.44635416666666666 0.8979166666666667 0.103125 0.17916666666666667
0 0.70234375 0.3746527777777778 0.0890625 0.12430555555555556
0 0.7375 0.12881944444444443 0.121875 0.10902777777777778
0 0.5979166666666667 0.8222222222222222 0.07708333333333334 0.20694444444444443
0 0.4752604166666667 0.2513888888888889 0.08697916666666666 0.2111111111111111
0 0.390625 0.5677083333333334 0.04583333333333333 0.06180555555555556
0 0.6044270833333333 0.19722222222222222 0.033854166666666664 0.04583333333333333
0 0.6916666666666667 0.7 0.078125 0.2111111111111111
0 0.15286458333333333 0.5128472222222222 0.20885416666666667 0.6631944444444444
0 0.27630208333333334 0.7913194444444445 0.1421875 0.2076388888888889
0 0.8591145833333333 0.6944444444444444 0.21302083333333333 0.49583333333333335
0 0.7734375 0.6600694444444445 0.05416666666666667 0.07152777777777777
0 0.3776041666666667 0.13194444444444445 0.05416666666666667 0.10277777777777777
0 0.3229166666666667 0.39166666666666666 0.23645833333333333 0.36527777777777776
0 0.5260416666666666 0.8423611111111111 0.04375 0.05694444444444444
0 0.24322916666666666 0.30069444444444443 0.08541666666666667 0.16944444444444445
