0 0.3265625 0.4791666666666667 0.12083333333333333 0.15138888888888888
0 0.44895833333333335 0.32256944444444446 0.08229166666666667 0.11875
0 0.5338541666666666 0.734375 0.09895833333333333 0.17569444444444443
0 0.39375 0.7711805555555555 0.034375 0.04513888888888889
0 0.3536458333333333 0.24791666666666667 0.13645833333333332 0.1986111111111111
0 0.5127604166666667 0.4704861111111111 0.10052083333333334 0.21875
0 0.828125 0.3885416666666667 0.09270833333333334 0.6673611111111111
0 0.4002604166666667 0.625 0.0453125 0.058333333333333334
0 0.22994791666666667 0.5746527777777778 0.17447916666666666 0.4076388888888889
0 0.6158854166666666 0.34652777777777777 0.0515625 0.06805555555555555
0 0.6908854166666667 0.6027777777777777 0.07135416666666666 0.07777777777777778
0 0.6143229166666667 0.49618055555555557 0.0859375 0.16597222222222222
0 0.6200520833333333 0.20173611111111112 0.3463541666666667 0.32013888888888886
