0 0.10911458333333333 0.5451388888888888 0.1234375 0.15416666666666667
0 0.6794270833333333 0.4222222222222222 0.1140625 0.15694444444444444
0 0.23880208333333333 0.8413194444444444 0.0921875 0.12013888888888889
0 0.3234375 0.8038194444444444 0.08541666666666667 0.12013888888888889
0 0.5361979166666667 0.6170138888888889 0.04739583333333333 0.059027777777777776
0 0.5611979166666666 0.6927083333333334 0.04739583333333333 0.06180555555555556
0 0.5169270833333334 0.33958333333333335 0.03802083333333333 0.06111111111111111
0 0.34427083333333336 0.32569444444444445 0.04583333333333333 0.05555555555555555
0 0.32526041666666666 0.6736111111111112 0.049479166666666664 0.10138888888888889
0 0.6989583333333333 0.6076388888888888 0.06041666666666667 0.09305555555555556
