0 0.6057291666666667 0.6951388888888889 0.11979166666666667 0.15555555555555556
0 0.50625 0.10729166666666666 0.11979166666666667 0.15486111111111112
0 0.21953125 0.5100694444444445 0.0890625 0.12013888888888889
0 0.38255208333333335 0.18784722222222222 0.0859375 0.12430555555555556
0 0.46901041666666665 0.9256944444444445 0.18489583333333334 0.10277777777777777
0 0.36875 0.35659722222222223 0.04583333333333333 0.059027777777777776
0 0.3020833333333333 0.4010416666666667 0.12291666666666666 0.23125
0 0.7666666666666667 0.6996527777777778 0.165625 0.13958333333333334
0 0.48671875 0.7395833333333334 0.04635416666666667 0.059722222222222225
0 0.63515625 0.8756944444444444 0.1453125 0.2152777777777778
0 0.496875 0.3680555555555556 0.3645833333333333 0.5486111111111112
0 0.42161458333333335 0.5732638888888889 0.30052083333333335 0.41597222222222224
0 0.4583333333333333 0.6204861111111111 0.4083333333333333 0.5506944444444445
0 0.7963541666666667 0.5048611111111111 0.38125 0.14722222222222223
