0 0.2674479166666667 0.18368055555555557 0.1171875 0.15347222222222223
0 0.20833333333333334 0.41597222222222224 0.121875 0.19305555555555556
0 0.7393229166666667 0.259375 0.09114583333333333 0.11736111111111111
0 0.48880208333333336 0.515625 0.034895833333333334 0.04513888888888889
0 0.40234375 0.45069444444444445 0.0796875 0.22361111111111112
0 0.6645833333333333 0.4829861111111111 0.026041666666666668 0.09791666666666667
0 0.621875 0.11423611111111111 0.15208333333333332 0.18263888888888888
0 0.30494791666666665 0.8038194444444444 0.4171875 0.19791666666666666
0 0.4783854166666667 0.6899305555555556 0.5078125 0.10347222222222222
0 0.46380208333333334 0.2659722222222222 0.04739583333333333 0.16944444444444445
0 0.12473958333333333 0.5618055555555556 0.04739583333333333 0.06388888888888888
0 0.8072916666666666 0.5371527777777778 0.20104166666666667 0.39791666666666664
0 0.478125 0.1642361111111111 0.05416666666666667 0.07013888888888889
