0 0.6734375 0.23125 0.12083333333333333 0.15
0 0.8502604166666666 0.165625 0.1296875 0.18680555555555556
0 0.36328125 0.5302083333333333 0.14010416666666667 0.16458333333333333
0 0.27369791666666665 0.6868055555555556 0.08697916666666666 0.125
0 0.20651041666666667 0.3302083333333333 0.033854166666666664 0.04375
0 0.5364583333333334 0.14375 0.07395833333333333 0.2125
0 0.44817708333333334 0.7368055555555556 0.1515625 0.18472222222222223
0 0.6059895833333333 0.46979166666666666 0.04635416666666667 0.059027777777777776
0 0.415625 0.09236111111111112 0.04791666666666667 0.10416666666666667
0 0.6614583333333334 0.6041666666666666 0.08541666666666667 0.20972222222222223
0 0.228125 0.4701388888888889 0.365625 0.29583333333333334
0 0.15052083333333333 0.215625 0.051041666666666666 0.06597222222222222
0 0.465625 0.47638888888888886 0.04375 0.05555555555555555
0 0.7528645833333333 0.5170138888888889 0.12447916666666667 0.21180555555555555
0 0.35078125 0.21354166666666666 0.2755208333333333 0.32013888888888886
0 0.7286458333333333 0.35625 0.5020833333333333 0.07916666666666666
0 0.5424479166666667 0.5982638888888889 0.12552083333333333 0.12430555555555556
