0 0.3177083333333333 0.7079861111111111 0.04583333333333333 0.06041666666666667
0 0.59375 0.6472222222222223 0.04583333333333333 0.0625
0 0.75 0.49930555555555556 0.11666666666666667 0.15694444444444444
0 0.3424479166666667 0.4420138888888889 0.11197916666666667 0.1673611111111111
0 0.4513020833333333 0.3055555555555556 0.09010416666666667 0.11944444444444445
0 0.5807291666666666 0.5274305555555555 0.0875 0.12152777777777778
0 0.69140625 0.35381944444444446 0.17135416666666667 0.11041666666666666
0 0.4432291666666667 0.7243055555555555 0.13854166666666667 0.20555555555555555
0 0.24765625 0.27708333333333335 0.4953125 0.5541666666666667
0 0.621875 0.31979166666666664 0.346875 0.36319444444444443
0 0.21692708333333333 0.5361111111111111 0.14427083333333332 0.5083333333333333
0 0.3572916666666667 0.5888888888888889 0.16145833333333334 0.15416666666666667
0 0.16145833333333334 0.5555555555555556 0.07604166666666666 0.22083333333333333
0 0.4828125 0.17569444444444443 0.49895833333333334 0.2625
