0 0.33307291666666666 0.13958333333333334 0.10885416666666667 0.16527777777777777
0 0.27630208333333334 0.43125 0.12239583333333333 0.1486111111111111
0 0.6143229166666667 0.6121527777777778 0.09114583333333333 0.11736111111111111
0 0.5255208333333333 0.09444444444444444 0.09166666666666666 0.11527777777777778
0 0.6986979166666667 0.22291666666666668 0.07447916666666667 0.059722222222222225
0 0.7109375 0.384375 0.04583333333333333 0.06180555555555556
0 0.47317708333333336 0.37395833333333334 0.0453125 0.05763888888888889
0 0.4635416666666667 0.49375 0.0375 0.058333333333333334
0 0.47734375 0.7097222222222223 0.0421875 0.10138888888888889
0 0.628125 0.45381944444444444 0.04791666666666667 0.06736111111111111
