0 0.30963541666666666 0.6958333333333333 0.0828125 0.16805555555555557
0 0.7466145833333333 0.5923611111111111 0.1328125 0.1875
0 0.5731770833333333 0.48194444444444445 0.034895833333333334 0.04583333333333333
0 0.5065104166666666 0.728125 0.16197916666666667 0.41875
0 0.5921875 0.6944444444444444 0.034375 0.04583333333333333
0 0.6036458333333333 0.2677083333333333 0.13958333333333334 0.41597222222222224
0 0.7778645833333333 0.3923611111111111 0.06197916666666667 0.09861111111111111
0 0.3684895833333333 0.153125 0.11822916666666666 0.15069444444444444
0 0.41354166666666664 0.6027777777777777 0.03854166666666667 0.10138888888888889
0 0.2669270833333333 0.35868055555555556 0.0484375 0.059027777777777776
0 0.43645833333333334 0.33090277777777777 0.12604166666666666 0.13125
0 0.19427083333333334 0.47604166666666664 0.04791666666666667 0.06875
