0 0.18307291666666667 0.43506944444444445 0.12135416666666667 0.15208333333333332
0 0.6255208333333333 0.7961805555555556 0.11979166666666667 0.15763888888888888
0 0.8455729166666667 0.55625 0.09010416666666667 0.11805555555555555
0 0.34322916666666664 0.709375 0.08125 0.22569444444444445
0 0.6953125 0.07465277777777778 0.090625 0.12569444444444444
0 0.6971354166666667 0.48055555555555557 0.0453125 0.058333333333333334
0 0.6192708333333333 0.6388888888888888 0.13958333333333334 0.2125
0 0.43984375 0.4378472222222222 0.1609375 0.1326388888888889
0 0.08932291666666667 0.440625 0.049479166666666664 0.06180555555555556
0 0.85078125 0.23923611111111112 0.2015625 0.47847222222222224
0 0.36796875 0.3173611111111111 0.3067708333333333 0.6208333333333333
0 0.47317708333333336 0.24027777777777778 0.3776041666666667 0.08333333333333333
0 0.29921875 0.8829861111111111 0.14427083333333332 0.19236111111111112
0 0.596875 0.4736111111111111 0.3458333333333333 0.5763888888888888
