0 0.3515625 0.4739583333333333 0.11875 0.15486111111111112
0 0.8083333333333333 0.6052083333333333 0.121875 0.15208333333333332
0 0.66953125 0.21458333333333332 0.0890625 0.1125
0 0.44947916666666665 0.21493055555555557 0.090625 0.11736111111111111
0 0.64140625 0.6163194444444444 0.04635416666666667 0.06319444444444444
0 0.6041666666666666 0.46493055555555557 0.046875 0.06180555555555556
0 0.54609375 0.740625 0.0296875 0.09513888888888888
0 0.8330729166666667 0.38263888888888886 0.07552083333333333 0.06388888888888888
0 0.746875 0.4513888888888889 0.04791666666666667 0.06944444444444445
0 0.48828125 0.4996527777777778 0.0484375 0.06736111111111111
