0 0.5888020833333333 0.8670138888888889 0.11510416666666666 0.16041666666666668
0 0.3067708333333333 0.228125 0.11770833333333333 0.15486111111111112
0 0.5611979166666666 0.128125 0.09010416666666667 0.11875
0 0.36354166666666665 0.6 0.08854166666666667 0.10972222222222222
0 0.6966145833333334 0.2989583333333333 0.049479166666666664 0.059027777777777776
0 0.21744791666666666 0.5173611111111112 0.049479166666666664 0.06111111111111111
0 0.5653645833333333 0.4329861111111111 0.044270833333333336 0.06458333333333334
0 0.40859375 0.3659722222222222 0.04635416666666667 0.05555555555555555
0 0.5114583333333333 0.6736111111111112 0.03125 0.09722222222222222
0 0.13932291666666666 0.3753472222222222 0.049479166666666664 0.09930555555555555
