0 0.5723958333333333 0.18958333333333333 0.121875 0.14722222222222223
0 0.3015625 0.4013888888888889 0.08541666666666667 0.17083333333333334
0 0.3536458333333333 0.10729166666666666 0.09166666666666666 0.11875
0 0.44869791666666664 0.390625 0.0453125 0.06041666666666667
0 0.19140625 0.6013888888888889 0.0828125 0.41388888888888886
0 0.36484375 0.6881944444444444 0.08697916666666666 0.21944444444444444
0 0.23098958333333333 0.296875 0.033854166666666664 0.04513888888888889
0 0.68359375 0.6017361111111111 0.14427083333333332 0.4951388888888889
0 0.22890625 0.16111111111111112 0.16197916666666667 0.09583333333333334
0 0.07552083333333333 0.3861111111111111 0.07708333333333334 0.06805555555555555
0 0.6390625 0.40347222222222223 0.275 0.6319444444444444
0 0.5200520833333333 0.32708333333333334 0.10885416666666667 0.1638888888888889
0 0.45416666666666666 0.10486111111111111 0.053125 0.07083333333333333
