0 0.30572916666666666 0.6576388888888889 0.125 0.15138888888888888
0 0.6755208333333333 0.8638888888888889 0.11354166666666667 0.16111111111111112
0 0.48489583333333336 0.6555555555555556 0.090625 0.11666666666666667
0 0.47604166666666664 0.25 0.08958333333333333 0.12222222222222222
0 0.6174479166666667 0.334375 0.049479166666666664 0.06319444444444444
0 0.6466145833333333 0.4552083333333333 0.0484375 0.06319444444444444
0 0.26510416666666664 0.44479166666666664 0.04895833333333333 0.06180555555555556
0 0.7315104166666667 0.6767361111111111 0.0359375 0.05625
0 0.48411458333333335 0.45069444444444445 0.0640625 0.09305555555555556
0 0.7140625 0.28541666666666665 0.071875 0.08194444444444444
