0 0.7447916666666666 0.48159722222222223 0.08020833333333334 0.16458333333333333
0 0.24609375 0.8909722222222223 0.11614583333333334 0.1875
0 0.11822916666666666 0.284375 0.12916666666666668 0.4201388888888889
0 0.5510416666666667 0.5572916666666666 0.0375 0.04791666666666667
0 0.24713541666666666 0.5885416666666666 0.0453125 0.10069444444444445
0 0.5833333333333334 0.5440972222222222 0.03229166666666667 0.04513888888888889
0 0.7080729166666667 0.1326388888888889 0.3078125 0.2652777777777778
0 0.5494791666666666 0.8163194444444445 0.07708333333333334 0.06736111111111111
0 0.4546875 0.8756944444444444 0.05 0.06944444444444445
0 0.16197916666666667 0.7868055555555555 0.12604166666666666 0.14027777777777778
0 0.3697916666666667 0.2763888888888889 0.125 0.11944444444444445
0 0.32760416666666664 0.434375 0.053125 0.06875
