0 0.84296875 0.5548611111111111 0.1328125 0.18472222222222223
0 0.44166666666666665 0.27569444444444446 0.08333333333333333 0.16666666666666666
0 0.29739583333333336 0.7482638888888888 0.035416666666666666 0.04513888888888889
0 0.5963541666666666 0.5545138888888889 0.034375 0.04513888888888889
0 0.42213541666666665 0.8677083333333333 0.0296875 0.09652777777777778
0 0.2526041666666667 0.515625 0.16145833333333334 0.41041666666666665
0 0.5440104166666667 0.753125 0.0546875 0.1673611111111111
0 0.40703125 0.590625 0.04114583333333333 0.16458333333333333
0 0.653125 0.7965277777777777 0.03854166666666667 0.1
0 0.7049479166666667 0.26631944444444444 0.23697916666666666 0.3784722222222222
0 0.73359375 0.846875 0.04739583333333333 0.06736111111111111
0 0.6856770833333333 0.6350694444444445 0.050520833333333334 0.07013888888888889
