0 0.37578125 0.3972222222222222 0.1078125 0.15694444444444444
0 0.5484375 0.25416666666666665 0.109375 0.15833333333333333
0 0.7364583333333333 0.38506944444444446 0.09270833333333334 0.1076388888888889
0 0.43645833333333334 0.8631944444444445 0.08229166666666667 0.12083333333333333
0 0.44609375 0.5802083333333333 0.044270833333333336 0.06458333333333334
0 0.36614583333333334 0.7277777777777777 0.04583333333333333 0.0625
0 0.5729166666666666 0.5631944444444444 0.059375 0.09583333333333334
0 0.7158854166666667 0.5993055555555555 0.04739583333333333 0.0625
0 0.3026041666666667 0.5951388888888889 0.075 0.05694444444444444
0 0.6169270833333333 0.7520833333333333 0.0328125 0.05
