0 0.2526041666666667 0.7204861111111112 0.1125 0.15763888888888888
0 0.6885416666666667 0.746875 0.12291666666666666 0.1840277777777778
0 0.5502604166666667 0.5774305555555556 0.08489583333333334 0.11875
0 0.30572916666666666 0.9003472222222222 0.04791666666666667 0.06041666666666667
0 0.15807291666666667 0.3434027777777778 0.0328125 0.04375
0 0.7059895833333333 0.3020833333333333 0.5005208333333333 0.08194444444444444
0 0.48151041666666666 0.8267361111111111 0.10260416666666666 0.21597222222222223
0 0.79609375 0.5895833333333333 0.12760416666666666 0.07361111111111111
0 0.08802083333333334 0.5725694444444445 0.12708333333333333 0.41180555555555554
0 0.21223958333333334 0.471875 0.0734375 0.050694444444444445
0 0.3984375 0.5284722222222222 0.1125 0.2152777777777778
0 0.3966145833333333 0.2232638888888889 0.3109375 0.41180555555555554
0 0.23411458333333332 0.21006944444444445 0.044270833333333336 0.06458333333333334
