0 0.87421875 0.61875 0.1359375 0.1486111111111111
0 0.221875 0.40555555555555556 0.128125 0.18472222222222223
0 0.58046875 0.46076388888888886 0.0703125 0.21041666666666667
0 0.6223958333333334 0.128125 0.11770833333333333 0.22013888888888888
0 0.5247395833333334 0.42743055555555554 0.03177083333333333 0.04513888888888889
0 0.3932291666666667 0.5875 0.28958333333333336 0.6569444444444444
0 0.4205729166666667 0.8045138888888889 0.03177083333333333 0.04375
0 0.7408854166666666 0.628125 0.1453125 0.19375
0 0.34036458333333336 0.4486111111111111 0.1390625 0.41944444444444445
0 0.5763020833333333 0.6003472222222223 0.3619791666666667 0.25069444444444444
0 0.48072916666666665 0.8100694444444444 0.06354166666666666 0.1701388888888889
0 0.6354166666666666 0.8288194444444444 0.41875 0.32430555555555557
0 0.6315104166666666 0.32430555555555557 0.4348958333333333 0.43472222222222223
0 0.23411458333333332 0.6701388888888888 0.08177083333333333 0.1625
0 0.70859375 0.7006944444444444 0.1421875 0.18472222222222223
0 0.8255208333333334 0.34305555555555556 0.2864583333333333 0.2902777777777778
