0 0.37942708333333336 0.33194444444444443 0.1203125 0.15555555555555556
0 0.5703125 0.5430555555555555 0.11666666666666667 0.15416666666666667
0 0.5161458333333333 0.8385416666666666 0.090625 0.11458333333333333
0 0.6002604166666666 0.121875 0.09427083333333333 0.12013888888888889
0 0.7921875 0.24479166666666666 0.051041666666666666 0.06736111111111111
0 0.821875 0.8003472222222222 0.04479166666666667 0.06597222222222222
0 0.7130208333333333 0.6809027777777777 0.07083333333333333 0.09097222222222222
0 0.35442708333333334 0.5875 0.0734375 0.07222222222222222
0 0.728125 0.4545138888888889 0.051041666666666666 0.06458333333333334
0 0.9015625 0.9302083333333333 0.0375 0.05763888888888889
