0 0.7057291666666666 0.8017361111111111 0.121875 0.15486111111111112
0 0.09166666666666666 0.8027777777777778 0.12916666666666668 0.19166666666666668
0 0.42734375 0.26666666666666666 0.0890625 0.12083333333333333
0 0.49140625 0.7350694444444444 0.034895833333333334 0.04513888888888889
0 0.5223958333333333 0.5229166666666667 0.16666666666666666 0.14305555555555555
0 0.37005208333333334 0.8788194444444445 0.16302083333333334 0.12708333333333333
0 0.6059895833333333 0.15902777777777777 0.4973958333333333 0.16527777777777777
0 0.39765625 0.7194444444444444 0.049479166666666664 0.058333333333333334
0 0.68359375 0.4288194444444444 0.37552083333333336 0.15486111111111112
0 0.5005208333333333 0.828125 0.07708333333333334 0.07152777777777777
0 0.16927083333333334 0.34930555555555554 0.26979166666666665 0.3333333333333333
0 0.3138020833333333 0.4756944444444444 0.10677083333333333 0.15555555555555556
0 0.22994791666666667 0.6697916666666667 0.05260416666666667 0.07152777777777777
