0 0.23489583333333333 0.45902777777777776 0.12708333333333333 0.1486111111111111
0 0.65 0.12743055555555555 0.11666666666666667 0.16319444444444445
0 0.34427083333333336 0.6975694444444445 0.08958333333333333 0.11875
0 0.6533854166666667 0.5600694444444444 0.1171875 0.1840277777777778
0 0.4354166666666667 0.20277777777777778 0.09166666666666666 0.11944444444444445
0 0.34921875 0.27395833333333336 0.0484375 0.059027777777777776
0 0.3026041666666667 0.20069444444444445 0.14166666666666666 0.20416666666666666
0 0.63515625 0.30451388888888886 0.033854166666666664 0.04513888888888889
0 0.4 0.51875 0.3072916666666667 0.2263888888888889
0 0.5205729166666667 0.27361111111111114 0.15052083333333333 0.07361111111111111
0 0.4046875 0.3972222222222222 0.07395833333333333 0.07777777777777778
0 0.53984375 0.49027777777777776 0.0484375 0.059722222222222225
0 0.6328125 0.371875 0.07708333333333334 0.16458333333333333
0 0.16927083333333334 0.5673611111111111 0.24791666666666667 0.46111111111111114
0 0.6247395833333333 0.44722222222222224 0.0359375 0.09722222222222222
0 0.5580729166666667 0.7520833333333333 0.5411458333333333 0.4388888888888889
0 0.7453125 0.18159722222222222 0.05 0.06458333333333334
0 0.27682291666666664 0.3347222222222222 0.05260416666666667 0.06944444444444445
