0 0.19296875 0.7371527777777778 0.10677083333333333 0.18263888888888888
0 0.5096354166666667 0.4017361111111111 0.11927083333333334 0.19375
0 0.6177083333333333 0.49618055555555557 0.034375 0.04513888888888889
0 0.3489583333333333 0.44340277777777776 0.03958333333333333 0.06180555555555556
0 0.3497395833333333 0.6541666666666667 0.0359375 0.04722222222222222
0 0.5848958333333333 0.6465277777777778 0.04895833333333333 0.10277777777777777
0 0.20026041666666666 0.3854166666666667 0.1921875 0.4013888888888889
0 0.8393229166666667 0.5652777777777778 0.0421875 0.10138888888888889
0 0.409375 0.2232638888888889 0.2604166666666667 0.34097222222222223
0 0.71171875 0.2673611111111111 0.04010416666666667 0.06111111111111111
0 0.6140625 0.1638888888888889 0.125 0.12083333333333333
0 0.46380208333333334 0.7541666666666667 0.08697916666666666 0.16805555555555557
