0 0.32786458333333335 0.29270833333333335 0.04635416666666667 0.06180555555555556
0 0.6841145833333333 0.49409722222222224 0.11510416666666666 0.15902777777777777
0 0.5390625 0.5395833333333333 0.053125 0.07916666666666666
0 0.41875 0.15763888888888888 0.0875 0.12083333333333333
0 0.5625 0.14722222222222223 0.034375 0.044444444444444446
0 0.8208333333333333 0.6131944444444445 0.07708333333333334 0.07083333333333333
0 0.23697916666666666 0.5010416666666667 0.103125 0.21875
0 0.35859375 0.7260416666666667 0.07760416666666667 0.16875
0 0.8403645833333333 0.309375 0.3109375 0.5909722222222222
0 0.4315104166666667 0.4409722222222222 0.15677083333333333 0.19444444444444445
0 0.575 0.6857638888888888 0.2989583333333333 0.26458333333333334
0 0.19791666666666666 0.24305555555555555 0.2520833333333333 0.45416666666666666
0 0.6458333333333334 0.28715277777777776 0.13958333333333334 0.15625
