0 0.8278645833333333 0.45555555555555555 0.14322916666666666 0.18611111111111112
0 0.48125 0.18090277777777777 0.13645833333333332 0.18263888888888888
0 0.28020833333333334 0.47465277777777776 0.06145833333333333 0.4131944444444444
0 0.740625 0.68125 0.035416666666666666 0.04583333333333333
0 0.59140625 0.6552083333333333 0.034895833333333334 0.04513888888888889
0 0.53984375 0.5496527777777778 0.044270833333333336 0.06458333333333334
0 0.5752604166666667 0.4010416666666667 0.07552083333333333 0.06180555555555556
0 0.7114583333333333 0.16909722222222223 0.30625 0.24930555555555556
0 0.475 0.7173611111111111 0.041666666666666664 0.044444444444444446
0 0.68671875 0.47673611111111114 0.0703125 0.09652777777777778
0 0.40677083333333336 0.36875 0.10729166666666666 0.15555555555555556
0 0.3776041666666667 0.6361111111111111 0.0875 0.16944444444444445
