0 0.5877604166666667 0.32430555555555557 0.11302083333333333 0.15833333333333333
0 0.7 0.4652777777777778 0.115625 0.15
0 0.47421875 0.25 0.09114583333333333 0.12083333333333333
0 0.5166666666666667 0.5819444444444445 0.08854166666666667 0.12083333333333333
0 0.8427083333333333 0.8802083333333334 0.046875 0.06319444444444444
0 0.42942708333333335 0.8163194444444445 0.04635416666666667 0.06458333333333334
0 0.35260416666666666 0.5708333333333333 0.051041666666666666 0.06805555555555555
0 0.7229166666666667 0.7986111111111112 0.052083333333333336 0.07083333333333333
0 0.55390625 0.809375 0.0265625 0.09652777777777778
0 0.86015625 0.7055555555555556 0.07239583333333334 0.03888888888888889
