0 0.36276041666666664 0.8114583333333333 0.11510416666666666 0.18680555555555556
0 0.5606770833333333 0.11701388888888889 0.11614583333333334 0.18541666666666667
0 0.57109375 0.5225694444444444 0.0328125 0.04375
0 0.17317708333333334 0.46631944444444445 0.10989583333333333 0.41875
0 0.49244791666666665 0.39131944444444444 0.034895833333333334 0.04513888888888889
0 0.7401041666666667 0.4048611111111111 0.090625 0.4152777777777778
0 0.5059895833333333 0.6354166666666666 0.04010416666666667 0.059722222222222225
0 0.31276041666666665 0.34652777777777777 0.04635416666666667 0.06666666666666667
0 0.73671875 0.7572916666666667 0.0578125 0.1673611111111111
0 0.33177083333333335 0.5204861111111111 0.06770833333333333 0.09375
0 0.8747395833333333 0.5336805555555556 0.10572916666666667 0.16458333333333333
0 0.3888020833333333 0.12118055555555556 0.044270833333333336 0.10069444444444445
