0 0.3411458333333333 0.3347222222222222 0.121875 0.15
0 0.34765625 0.7045138888888889 0.11822916666666666 0.16041666666666668
0 0.8580729166666666 0.42083333333333334 0.08802083333333334 0.12361111111111112
0 0.47890625 0.34270833333333334 0.05677083333333333 0.21458333333333332
0 0.49661458333333336 0.6263888888888889 0.0765625 0.2111111111111111
0 0.2669270833333333 0.5225694444444444 0.08697916666666666 0.12430555555555556
0 0.7 0.49027777777777776 0.04583333333333333 0.0625
0 0.14166666666666666 0.41354166666666664 0.09791666666666667 0.4965277777777778
0 0.328125 0.85 0.6395833333333333 0.1388888888888889
0 0.5924479166666666 0.08402777777777778 0.5015625 0.16805555555555557
0 0.6005208333333333 0.5486111111111112 0.09583333333333334 0.2222222222222222
0 0.6072916666666667 0.26458333333333334 0.04583333333333333 0.06527777777777778
0 0.75625 0.6451388888888889 0.353125 0.3013888888888889
0 0.17552083333333332 0.10347222222222222 0.11979166666666667 0.20694444444444443
