0 0.6979166666666666 0.5006944444444444 0.18229166666666666 0.6611111111111111
0 0.47942708333333334 0.5447916666666667 0.31197916666666664 0.09930555555555555
0 0.17786458333333333 0.515625 0.35572916666666665 0.5506944444444445
0 0.259375 0.6222222222222222 0.0625 0.21666666666666667
0 0.5479166666666667 0.7395833333333334 0.09166666666666666 0.1736111111111111
0 0.7252604166666666 0.32708333333333334 0.13072916666666667 0.18888888888888888
0 0.7690104166666667 0.6833333333333333 0.1359375 0.20555555555555555
0 0.5067708333333333 0.6055555555555555 0.37083333333333335 0.1597222222222222
0 0.5348958333333333 0.3232638888888889 0.3 0.27708333333333335
0 0.44427083333333334 0.4947916666666667 0.3697916666666667 0.21458333333333332
0 0.40260416666666665 0.38819444444444445 0.11354166666666667 0.2125
0 0.31223958333333335 0.38090277777777776 0.043229166666666666 0.1451388888888889
0 0.6578125 0.7770833333333333 0.15208333333333332 0.16805555555555557
0 0.59296875 0.7833333333333333 0.1015625 0.15
0 0.7864583333333334 0.84375 0.03125 0.044444444444444446
0 0.3372395833333333 0.3329861111111111 0.03697916666666667 0.04375
