0 0.109375 0.22708333333333333 0.12083333333333333 0.1527777777777778
0 0.5893229166666667 0.30972222222222223 0.12135416666666667 0.1527777777777778
0 0.16458333333333333 0.7701388888888889 0.13854166666666667 0.18611111111111112
0 0.054427083333333334 0.7902777777777777 0.08802083333333334 0.125
0 0.45651041666666664 0.30104166666666665 0.08177083333333333 0.22291666666666668
0 0.11432291666666666 0.6690972222222222 0.04739583333333333 0.06458333333333334
0 0.34270833333333334 0.22083333333333333 0.035416666666666666 0.04583333333333333
0 0.48515625 0.7288194444444445 0.30885416666666665 0.08125
0 0.428125 0.8704861111111111 0.08854166666666667 0.12013888888888889
0 0.39791666666666664 0.48333333333333334 0.071875 0.08472222222222223
0 0.22838541666666667 0.24409722222222222 0.058854166666666666 0.16875
0 0.27708333333333335 0.28854166666666664 0.04375 0.06319444444444444
0 0.24348958333333334 0.925 0.0765625 0.05694444444444444
0 0.2984375 0.42118055555555556 0.159375 0.13402777777777777
0 0.26614583333333336 0.5753472222222222 0.04791666666666667 0.06597222222222222
0 0.21875 0.6277777777777778 0.31354166666666666 0.3972222222222222
0 0.38958333333333334 0.07361111111111111 0.49375 0.0875
0 0.07526041666666666 0.5826388888888889 0.0515625 0.06666666666666667
