0 0.3802083333333333 0.5847222222222223 0.09583333333333334 0.175
0 0.42916666666666664 0.8493055555555555 0.13854166666666667 0.16111111111111112
0 0.73359375 0.5409722222222222 0.1578125 0.08888888888888889
0 0.3151041666666667 0.7333333333333333 0.06666666666666667 0.21666666666666667
0 0.3145833333333333 0.284375 0.15625 0.12013888888888889
0 0.4388020833333333 0.45729166666666665 0.37135416666666665 0.18541666666666667
0 0.4859375 0.21770833333333334 0.03229166666666667 0.04097222222222222
0 0.7294270833333333 0.6385416666666667 0.5015625 0.15902777777777777
0 0.20286458333333332 0.528125 0.2046875 0.66875
0 0.790625 0.384375 0.159375 0.14930555555555555
0 0.5799479166666667 0.8017361111111111 0.03177083333333333 0.04375
0 0.7408854166666666 0.30833333333333335 0.30885416666666665 0.40555555555555556
0 0.6096354166666667 0.20833333333333334 0.23385416666666667 0.3625
0 0.6817708333333333 0.7767361111111111 0.290625 0.2701388888888889
0 0.3763020833333333 0.9361111111111111 0.13385416666666666 0.12777777777777777
0 0.8674479166666667 0.5347222222222222 0.12552083333333333 0.09305555555555556
