0 0.3177083333333333 0.33055555555555555 0.103125 0.18055555555555555
0 0.66171875 0.7104166666666667 0.08697916666666666 0.17083333333333334
0 0.37890625 0.1579861111111111 0.034895833333333334 0.04513888888888889
0 0.16119791666666666 0.5291666666666667 0.10260416666666666 0.41805555555555557
0 0.5338541666666666 0.4673611111111111 0.034375 0.04583333333333333
0 0.6830729166666667 0.23541666666666666 0.31927083333333334 0.12777777777777777
0 0.4479166666666667 0.6329861111111111 0.06041666666666667 0.09791666666666667
0 0.4278645833333333 0.48333333333333334 0.0765625 0.05555555555555555
0 0.29322916666666665 0.6413194444444444 0.04375 0.06319444444444444
0 0.47760416666666666 0.8621527777777778 0.09583333333333334 0.16875
0 0.440625 0.2881944444444444 0.05625 0.07222222222222222
0 0.6622395833333333 0.2659722222222222 0.0421875 0.1638888888888889
