0 0.4166666666666667 0.1986111111111111 0.12083333333333333 0.1527777777777778
0 0.11354166666666667 0.42256944444444444 0.12291666666666666 0.15069444444444444
0 0.31223958333333335 0.5229166666666667 0.0890625 0.12222222222222222
0 0.1140625 0.6854166666666667 0.059375 0.20833333333333334
0 0.50234375 0.7503472222222223 0.09010416666666667 0.12013888888888889
0 0.2559895833333333 0.209375 0.15364583333333334 0.1951388888888889
0 0.6177083333333333 0.2267361111111111 0.051041666666666666 0.06180555555555556
0 0.7263020833333333 0.6111111111111112 0.4869791666666667 0.08333333333333333
0 0.41640625 0.8986111111111111 0.050520833333333334 0.06666666666666667
0 0.6950520833333333 0.1267361111111111 0.3692708333333333 0.15347222222222223
0 0.6377604166666667 0.41458333333333336 0.5067708333333333 0.12916666666666668
0 0.6450520833333333 0.8208333333333333 0.1703125 0.18333333333333332
0 0.6791666666666667 0.8434027777777777 0.15729166666666666 0.17152777777777778
0 0.30416666666666664 0.7559027777777778 0.3385416666666667 0.41875
