0 0.49270833333333336 0.9142361111111111 0.034375 0.04375
0 0.48333333333333334 0.24756944444444445 0.03125 0.04236111111111111
0 0.49947916666666664 0.6097222222222223 0.33645833333333336 0.6416666666666667
0 0.6046875 0.31979166666666664 0.36770833333333336 0.5715277777777777
0 0.6580729166666667 0.4534722222222222 0.37864583333333335 0.13055555555555556
0 0.33255208333333336 0.7486111111111111 0.3765625 0.12916666666666668
0 0.6260416666666667 0.6621527777777778 0.24479166666666666 0.36180555555555555
0 0.228125 0.2972222222222222 0.31666666666666665 0.16111111111111112
0 0.3494791666666667 0.20590277777777777 0.13125 0.11597222222222223
0 0.35625 0.8131944444444444 0.13645833333333332 0.1375
0 0.2140625 0.5454861111111111 0.11354166666666667 0.22152777777777777
0 0.5296875 0.5795138888888889 0.12083333333333333 0.21875
0 0.2994791666666667 0.5111111111111111 0.153125 0.18888888888888888
0 0.3815104166666667 0.4708333333333333 0.0765625 0.20972222222222223
0 0.31015625 0.43854166666666666 0.12135416666666667 0.12013888888888889
0 0.44869791666666664 0.5194444444444445 0.0921875 0.1638888888888889
