0 0.3296875 0.6697916666666667 0.121875 0.15902777777777777
0 0.5877604166666667 0.6972222222222222 0.12447916666666667 0.15138888888888888
0 0.7481770833333333 0.5076388888888889 0.0921875 0.10555555555555556
0 0.10572916666666667 0.5364583333333334 0.08958333333333333 0.12291666666666666
0 0.4041666666666667 0.14895833333333333 0.12604166666666666 0.11180555555555556
0 0.21901041666666668 0.33784722222222224 0.0734375 0.41875
0 0.5638020833333334 0.40381944444444445 0.033854166666666664 0.04375
0 0.6497395833333334 0.5559027777777777 0.044270833333333336 0.06319444444444444
0 0.6442708333333333 0.2847222222222222 0.04479166666666667 0.058333333333333334
0 0.4895833333333333 0.6854166666666667 0.08333333333333333 0.21944444444444444
0 0.69453125 0.3385416666666667 0.37135416666666665 0.15347222222222223
0 0.49973958333333335 0.43194444444444446 0.050520833333333334 0.10138888888888889
0 0.43046875 0.6565972222222223 0.0328125 0.04375
0 0.36692708333333335 0.2791666666666667 0.12447916666666667 0.06388888888888888
0 0.3497395833333333 0.4371527777777778 0.1484375 0.18541666666666667
0 0.5223958333333333 0.5878472222222222 0.04375 0.06458333333333334
0 0.36822916666666666 0.8138888888888889 0.5958333333333333 0.325
