0 0.5713541666666667 0.7309027777777778 0.11145833333333334 0.15902777777777777
0 0.73203125 0.7993055555555556 0.0765625 0.16111111111111112
0 0.3640625 0.4173611111111111 0.09166666666666666 0.11527777777777778
0 0.30494791666666665 0.5864583333333333 0.059895833333333336 0.2048611111111111
0 0.41171875 0.7576388888888889 0.033854166666666664 0.04583333333333333
0 0.71640625 0.44131944444444443 0.05572916666666667 0.21180555555555555
0 0.3692708333333333 0.5625 0.04583333333333333 0.059722222222222225
0 0.49114583333333334 0.35625 0.07604166666666666 0.06388888888888888
0 0.4986979166666667 0.5 0.11510416666666666 0.14583333333333334
0 0.23098958333333333 0.6892361111111112 0.2640625 0.3284722222222222
0 0.37526041666666665 0.2517361111111111 0.3223958333333333 0.3659722222222222
0 0.7171875 0.23923611111111112 0.45625 0.4131944444444444
0 0.5596354166666667 0.26944444444444443 0.034895833333333334 0.05416666666666667
