0 0.39088541666666665 0.5847222222222223 0.1078125 0.1597222222222222
0 0.5619791666666667 0.12013888888888889 0.11354166666666667 0.16111111111111112
0 0.3145833333333333 0.4965277777777778 0.08541666666666667 0.11805555555555555
0 0.45807291666666666 0.8697916666666666 0.07552083333333333 0.16319444444444445
0 0.7294270833333333 0.121875 0.08802083333333334 0.12152777777777778
0 0.19921875 0.3958333333333333 0.0453125 0.06388888888888888
0 0.5489583333333333 0.7173611111111111 0.37083333333333335 0.17777777777777778
0 0.7661458333333333 0.3434027777777778 0.325 0.08819444444444445
0 0.5921875 0.6166666666666667 0.035416666666666666 0.04583333333333333
0 0.6122395833333333 0.5795138888888889 0.033854166666666664 0.04513888888888889
0 0.5736979166666667 0.4170138888888889 0.5005208333333333 0.10347222222222222
0 0.37526041666666665 0.14027777777777778 0.1640625 0.12777777777777777
0 0.38307291666666665 0.9159722222222222 0.04635416666666667 0.0625
0 0.29296875 0.14965277777777777 0.0765625 0.06736111111111111
0 0.23203125 0.4875 0.0671875 0.0875
0 0.2669270833333333 0.6784722222222223 0.1234375 0.21944444444444444
0 0.21328125 0.325 0.08697916666666666 0.16666666666666666
0 0.2833333333333333 0.8770833333333333 0.04791666666666667 0.06944444444444445
