0 0.209375 0.14305555555555555 0.11875 0.15694444444444444
0 0.6700520833333333 0.16006944444444443 0.11822916666666666 0.14791666666666667
0 0.7690104166666667 0.453125 0.08802083333333334 0.11875
0 0.5213541666666667 0.30659722222222224 0.05 0.06597222222222222
0 0.33541666666666664 0.7409722222222223 0.09166666666666666 0.11666666666666667
0 0.3375 0.5579861111111111 0.051041666666666666 0.06736111111111111
0 0.37083333333333335 0.2652777777777778 0.05416666666666667 0.1
0 0.4200520833333333 0.44305555555555554 0.0359375 0.05
0 0.47682291666666665 0.4149305555555556 0.0515625 0.06736111111111111
0 0.47708333333333336 0.6875 0.041666666666666664 0.1
