0 0.7333333333333333 0.7128472222222222 0.11979166666666667 0.15486111111111112
0 0.7552083333333334 0.34131944444444445 0.09270833333333334 0.10625
0 0.4817708333333333 0.09236111111111112 0.08125 0.12222222222222222
0 0.11119791666666666 0.2916666666666667 0.12447916666666667 0.15
0 0.6111979166666667 0.21388888888888888 0.14114583333333333 0.4097222222222222
0 0.24609375 0.4371527777777778 0.04635416666666667 0.06041666666666667
0 0.21536458333333333 0.2607638888888889 0.04739583333333333 0.06180555555555556
0 0.021614583333333333 0.8423611111111111 0.0328125 0.04583333333333333
0 0.50703125 0.6097222222222223 0.49322916666666666 0.23194444444444445
0 0.50234375 0.7680555555555556 0.09947916666666666 0.17777777777777778
0 0.21953125 0.7552083333333334 0.0859375 0.21597222222222223
0 0.08958333333333333 0.775 0.08125 0.20833333333333334
0 0.41770833333333335 0.48680555555555555 0.06354166666666666 0.09583333333333334
0 0.3658854166666667 0.28854166666666664 0.05572916666666667 0.16458333333333333
0 0.45546875 0.4107638888888889 0.0421875 0.06319444444444444
0 0.2 0.36041666666666666 0.03333333333333333 0.1
0 0.2875 0.15868055555555555 0.04583333333333333 0.052083333333333336
0 0.17864583333333334 0.5479166666666667 0.3572916666666667 0.20694444444444443
