0 0.75859375 0.6215277777777778 0.0859375 0.17083333333333334
0 0.2515625 0.7590277777777777 0.1 0.17777777777777778
0 0.38255208333333335 0.6965277777777777 0.07552083333333333 0.07777777777777778
0 0.41692708333333334 0.49270833333333336 0.033854166666666664 0.04513888888888889
0 0.6294270833333333 0.5454861111111111 0.034895833333333334 0.04513888888888889
0 0.5375 0.19930555555555557 0.3104166666666667 0.18472222222222223
0 0.20338541666666668 0.5670138888888889 0.0578125 0.10486111111111111
0 0.6216145833333333 0.40208333333333335 0.3078125 0.09722222222222222
0 0.47291666666666665 0.6052083333333333 0.06770833333333333 0.1701388888888889
0 0.5901041666666667 0.6572916666666667 0.04791666666666667 0.05625
0 0.33359375 0.4861111111111111 0.05364583333333333 0.07083333333333333
0 0.26197916666666665 0.39305555555555555 0.128125 0.1
