0 0.26953125 0.6100694444444444 0.08385416666666666 0.11458333333333333
0 0.5127604166666667 0.2861111111111111 0.1140625 0.1527777777777778
0 0.7705729166666667 0.21909722222222222 0.0484375 0.06319444444444444
0 0.8510416666666667 0.5434027777777778 0.03229166666666667 0.04236111111111111
0 0.5114583333333333 0.6454861111111111 0.035416666666666666 0.04375
0 0.34453125 0.5899305555555555 0.049479166666666664 0.07013888888888889
0 0.4125 0.13958333333333334 0.075 0.05138888888888889
0 0.5981770833333333 0.7256944444444444 0.5401041666666667 0.1986111111111111
0 0.6869791666666667 0.47708333333333336 0.36770833333333336 0.11944444444444445
0 0.484375 0.7395833333333334 0.30833333333333335 0.11666666666666667
0 0.38125 0.8048611111111111 0.13125 0.12361111111111112
0 0.590625 0.27326388888888886 0.11979166666666667 0.19930555555555557
0 0.33541666666666664 0.3704861111111111 0.10833333333333334 0.21319444444444444
0 0.70078125 0.21215277777777777 0.1359375 0.1798611111111111
0 0.6197916666666666 0.5246527777777777 0.11875 0.10486111111111111
0 0.8166666666666667 0.7020833333333333 0.14479166666666668 0.19305555555555556
0 0.26015625 0.42430555555555555 0.11822916666666666 0.2222222222222222
