0 0.48828125 0.8670138888888889 0.0796875 0.16458333333333333
0 0.34739583333333335 0.19166666666666668 0.13854166666666667 0.16805555555555557
0 0.38723958333333336 0.634375 0.033854166666666664 0.04513888888888889
0 0.6049479166666667 0.09618055555555556 0.31302083333333336 0.13402777777777777
0 0.7809895833333333 0.31666666666666665 0.0359375 0.04583333333333333
0 0.5338541666666666 0.6496527777777777 0.026041666666666668 0.09513888888888888
0 0.4747395833333333 0.3246527777777778 0.044270833333333336 0.16875
0 0.2942708333333333 0.47604166666666664 0.052083333333333336 0.10069444444444445
0 0.19661458333333334 0.6097222222222223 0.2859375 0.2902777777777778
0 0.6708333333333333 0.8104166666666667 0.08958333333333333 0.1638888888888889
0 0.5927083333333333 0.5076388888888889 0.051041666666666666 0.06666666666666667
0 0.6479166666666667 0.31527777777777777 0.04895833333333333 0.0625
