0 0.5614583333333333 0.7538194444444445 0.13541666666666666 0.1840277777777778
0 0.3458333333333333 0.8513888888888889 0.11979166666666667 0.15416666666666667
0 0.1890625 0.3902777777777778 0.121875 0.09583333333333334
0 0.6924479166666667 0.540625 0.09114583333333333 0.11597222222222223
0 0.36015625 0.7322916666666667 0.0484375 0.06458333333333334
0 0.6369791666666667 0.3055555555555556 0.16041666666666668 0.17777777777777778
0 0.6171875 0.6520833333333333 0.3104166666666667 0.17777777777777778
0 0.38333333333333336 0.6767361111111111 0.034375 0.04097222222222222
0 0.4627604166666667 0.7826388888888889 0.11927083333333334 0.14583333333333334
0 0.484375 0.44166666666666665 0.035416666666666666 0.04583333333333333
0 0.13958333333333334 0.44756944444444446 0.15833333333333333 0.14097222222222222
0 0.20442708333333334 0.690625 0.1421875 0.20347222222222222
0 0.5875 0.475 0.14583333333333334 0.1875
0 0.5473958333333333 0.3190972222222222 0.057291666666666664 0.09930555555555555
0 0.28671875 0.5288194444444444 0.05364583333333333 0.07013888888888889
0 0.4114583333333333 0.30243055555555554 0.23020833333333332 0.47152777777777777
0 0.3190104166666667 0.5746527777777778 0.35052083333333334 0.5784722222222223
