0 0.35494791666666664 0.30451388888888886 0.04635416666666667 0.06180555555555556
0 0.7221354166666667 0.8795138888888889 0.049479166666666664 0.07152777777777777
0 0.5247395833333334 0.26979166666666665 0.11302083333333333 0.16041666666666668
0 0.22838541666666667 0.7753472222222222 0.08489583333333334 0.12569444444444444
0 0.5018229166666667 0.7770833333333333 0.10260416666666666 0.225
0 0.2864583333333333 0.6083333333333333 0.140625 0.19027777777777777
0 0.42526041666666664 0.6611111111111111 0.03697916666666667 0.044444444444444446
0 0.5677083333333334 0.5798611111111112 0.31979166666666664 0.12361111111111112
0 0.33151041666666664 0.3885416666666667 0.07552083333333333 0.09791666666666667
0 0.19088541666666667 0.35694444444444445 0.23802083333333332 0.48194444444444445
0 0.7278645833333334 0.640625 0.12447916666666667 0.2048611111111111
0 0.7125 0.7385416666666667 0.128125 0.06597222222222222
0 0.7268229166666667 0.31979166666666664 0.3932291666666667 0.5298611111111111
