0 0.14895833333333333 0.8638888888888889 0.11145833333333334 0.16111111111111112
0 0.34140625 0.8017361111111111 0.11302083333333333 0.16319444444444445
0 0.22109375 0.23541666666666666 0.0921875 0.1125
0 0.58203125 0.740625 0.08697916666666666 0.11875
0 0.096875 0.7232638888888889 0.03854166666666667 0.09791666666666667
0 0.4979166666666667 0.21354166666666666 0.06145833333333333 0.09652777777777778
0 0.41171875 0.6118055555555556 0.044270833333333336 0.0625
0 0.6078125 0.4673611111111111 0.04583333333333333 0.0625
0 0.28411458333333334 0.40034722222222224 0.04114583333333333 0.06180555555555556
0 0.5057291666666667 0.5288194444444444 0.051041666666666666 0.06458333333333334
