0 0.28098958333333335 0.37881944444444443 0.04635416666666667 0.06319444444444444
0 0.5794270833333334 0.7586805555555556 0.0484375 0.06041666666666667
0 0.68984375 0.5267361111111111 0.12447916666666667 0.15069444444444444
0 0.415625 0.646875 0.11875 0.16458333333333333
0 0.7635416666666667 0.25104166666666666 0.47291666666666665 0.38263888888888886
0 0.340625 0.8878472222222222 0.10625 0.21180555555555555
0 0.196875 0.7722222222222223 0.171875 0.16944444444444445
0 0.4036458333333333 0.5118055555555555 0.378125 0.13194444444444445
0 0.18307291666666667 0.6305555555555555 0.0890625 0.12361111111111112
0 0.5875 0.6395833333333333 0.140625 0.19722222222222222
0 0.51875 0.9024305555555555 0.16458333333333333 0.09791666666666667
0 0.5747395833333333 0.2934027777777778 0.38385416666666666 0.21180555555555555
0 0.22395833333333334 0.33055555555555555 0.38958333333333334 0.5430555555555555
0 0.8372395833333334 0.6357638888888889 0.0953125 0.12430555555555556
