0 0.8033854166666666 0.7315972222222222 0.1171875 0.16180555555555556
0 0.4270833333333333 0.6986111111111111 0.11875 0.15138888888888888
0 0.22369791666666666 0.4982638888888889 0.08802083333333334 0.12013888888888889
0 0.85234375 0.38125 0.0921875 0.1111111111111111
0 0.6625 0.7677083333333333 0.04479166666666667 0.06458333333333334
0 0.7895833333333333 0.5315972222222223 0.042708333333333334 0.06180555555555556
0 0.43697916666666664 0.2590277777777778 0.07395833333333333 0.06111111111111111
0 0.66328125 0.37569444444444444 0.0484375 0.059722222222222225
0 0.5622395833333333 0.45590277777777777 0.0296875 0.09513888888888888
0 0.38125 0.4222222222222222 0.03958333333333333 0.06111111111111111
