0 0.29609375 0.5798611111111112 0.12135416666666667 0.14305555555555555
0 0.7190104166666667 0.18472222222222223 0.1109375 0.16527777777777777
0 0.60859375 0.859375 0.0828125 0.12152777777777778
0 0.4666666666666667 0.15833333333333333 0.090625 0.12083333333333333
0 0.49713541666666666 0.7131944444444445 0.0453125 0.06111111111111111
0 0.6908854166666667 0.7076388888888889 0.04635416666666667 0.059722222222222225
0 0.32421875 0.3159722222222222 0.0390625 0.06388888888888888
0 0.7880208333333333 0.571875 0.042708333333333334 0.052083333333333336
0 0.7091145833333333 0.5590277777777778 0.030729166666666665 0.09583333333333334
0 0.43671875 0.47465277777777776 0.03177083333333333 0.09791666666666667
