0 0.3932291666666667 0.4461805555555556 0.035416666666666666 0.04513888888888889
0 0.31744791666666666 0.3795138888888889 0.0765625 0.4979166666666667
0 0.415625 0.7572916666666667 0.35833333333333334 0.3590277777777778
0 0.30703125 0.3392361111111111 0.5036458333333333 0.08958333333333333
0 0.45078125 0.6409722222222223 0.4296875 0.5583333333333333
0 0.34921875 0.45555555555555555 0.06927083333333334 0.4111111111111111
0 0.46145833333333336 0.6180555555555556 0.096875 0.4152777777777778
0 0.5559895833333334 0.41944444444444445 0.10260416666666666 0.1638888888888889
0 0.66875 0.4232638888888889 0.12708333333333333 0.08680555555555555
0 0.5817708333333333 0.628125 0.153125 0.1423611111111111
0 0.42265625 0.5555555555555556 0.15572916666666667 0.125
0 0.48984375 0.4847222222222222 0.16614583333333333 0.1527777777777778
0 0.42526041666666664 0.29930555555555555 0.15364583333333334 0.07222222222222222
0 0.13489583333333333 0.4309027777777778 0.13958333333333334 0.14930555555555555
0 0.40130208333333334 0.6982638888888889 0.14322916666666666 0.1326388888888889
