0 0.31354166666666666 0.5579861111111111 0.04791666666666667 0.06319444444444444
0 0.2825520833333333 0.7524305555555556 0.09010416666666667 0.11875
0 0.2955729166666667 0.31354166666666666 0.11510416666666666 0.15902777777777777
0 0.6096354166666667 0.4934027777777778 0.0421875 0.06597222222222222
0 0.6630208333333333 0.4270833333333333 0.06979166666666667 0.10416666666666667
0 0.7559895833333333 0.5072916666666667 0.11927083333333334 0.15763888888888888
0 0.7953125 0.6555555555555556 0.14583333333333334 0.1638888888888889
0 0.8778645833333333 0.4690972222222222 0.08489583333333334 0.22291666666666668
0 0.5388020833333333 0.6350694444444445 0.0328125 0.04375
0 0.6559895833333333 0.271875 0.37135416666666665 0.12013888888888889
0 0.6098958333333333 0.7486111111111111 0.15833333333333333 0.0875
0 0.13072916666666667 0.6097222222222223 0.246875 0.6680555555555555
0 0.43515625 0.6090277777777777 0.0703125 0.4083333333333333
