0 0.47317708333333336 0.4329861111111111 0.10989583333333333 0.16180555555555556
0 0.6854166666666667 0.41180555555555554 0.075 0.1625
0 0.56328125 0.828125 0.09010416666666667 0.11736111111111111
0 0.68203125 0.6482638888888889 0.04739583333333333 0.06041666666666667
0 0.5408854166666667 0.690625 0.033854166666666664 0.04513888888888889
0 0.5200520833333333 0.5881944444444445 0.08072916666666667 0.075
0 0.48723958333333334 0.17152777777777778 0.1171875 0.21805555555555556
0 0.2015625 0.6121527777777778 0.28854166666666664 0.6576388888888889
0 0.2994791666666667 0.4996527777777778 0.040625 0.059027777777777776
0 0.34348958333333335 0.4059027777777778 0.15572916666666667 0.49930555555555556
0 0.81171875 0.24479166666666666 0.14635416666666667 0.41597222222222224
0 0.43359375 0.7899305555555556 0.1078125 0.21180555555555555
0 0.5924479166666666 0.23159722222222223 0.0765625 0.17430555555555555
