0 0.57421875 0.3416666666666667 0.12239583333333333 0.15555555555555556
0 0.3828125 0.41041666666666665 0.12395833333333334 0.15
0 0.5640625 0.6784722222222223 0.121875 0.18888888888888888
0 0.41796875 0.2222222222222222 0.0921875 0.11666666666666667
0 0.7713541666666667 0.3329861111111111 0.08645833333333333 0.12708333333333333
0 0.2830729166666667 0.290625 0.08802083333333334 0.41875
0 0.69609375 0.5222222222222223 0.36822916666666666 0.09861111111111111
0 0.4940104166666667 0.290625 0.0359375 0.04791666666666667
0 0.234375 0.5940972222222223 0.04895833333333333 0.06458333333333334
0 0.6153645833333333 0.1701388888888889 0.12864583333333332 0.20833333333333334
0 0.44635416666666666 0.7361111111111112 0.04479166666666667 0.15833333333333333
0 0.6182291666666667 0.6777777777777778 0.04895833333333333 0.0625
0 0.4747395833333333 0.22743055555555555 0.03802083333333333 0.05763888888888889
0 0.7140625 0.32881944444444444 0.07916666666666666 0.21597222222222223
0 0.35885416666666664 0.5111111111111111 0.075 0.0625
0 0.44088541666666664 0.6472222222222223 0.0515625 0.06388888888888888
0 0.2643229166666667 0.575 0.3078125 0.6319444444444444
0 0.3372395833333333 0.5833333333333334 0.04010416666666667 0.09861111111111111
