0 0.31484375 0.621875 0.04635416666666667 0.06180555555555556
0 0.81171875 0.1798611111111111 0.04739583333333333 0.0625
0 0.55078125 0.46319444444444446 0.1296875 0.15416666666666667
0 0.7200520833333334 0.6625 0.0890625 0.11944444444444445
0 0.5981770833333333 0.80625 0.11614583333333334 0.15416666666666667
0 0.9049479166666666 0.6690972222222222 0.08697916666666666 0.12152777777777778
0 0.8049479166666667 0.37430555555555556 0.1609375 0.1125
0 0.23958333333333334 0.728125 0.10208333333333333 0.21180555555555555
0 0.6247395833333333 0.2534722222222222 0.15885416666666666 0.0763888888888889
0 0.2630208333333333 0.28020833333333334 0.37604166666666666 0.20625
0 0.42265625 0.4357638888888889 0.2015625 0.6604166666666667
0 0.2833333333333333 0.6059027777777778 0.10416666666666667 0.2298611111111111
0 0.7463541666666667 0.5232638888888889 0.5 0.28680555555555554
0 0.48671875 0.7611111111111111 0.38385416666666666 0.26944444444444443
