0 0.31354166666666666 0.2534722222222222 0.04791666666666667 0.06527777777777778
0 0.5890625 0.5947916666666667 0.04583333333333333 0.06458333333333334
0 0.6385416666666667 0.38819444444444445 0.115625 0.15694444444444444
0 0.37083333333333335 0.6159722222222223 0.12083333333333333 0.15138888888888888
0 0.42916666666666664 0.5083333333333333 0.09270833333333334 0.12361111111111112
0 0.275 0.35 0.09479166666666666 0.11944444444444445
0 0.4747395833333333 0.8368055555555556 0.06510416666666667 0.21388888888888888
0 0.30520833333333336 0.1517361111111111 0.11979166666666667 0.22708333333333333
0 0.34322916666666664 0.3798611111111111 0.08020833333333334 0.23055555555555557
0 0.48463541666666665 0.6982638888888889 0.12239583333333333 0.20902777777777778
0 0.75625 0.2972222222222222 0.41875 0.4888888888888889
0 0.46953125 0.36215277777777777 0.26197916666666665 0.6548611111111111
0 0.13177083333333334 0.546875 0.1125 0.5006944444444444
0 0.5677083333333334 0.434375 0.23541666666666666 0.48541666666666666
