0 0.5989583333333334 0.23229166666666667 0.10729166666666666 0.1798611111111111
0 0.6455729166666667 0.4482638888888889 0.1140625 0.18263888888888888
0 0.7713541666666667 0.36493055555555554 0.12291666666666666 0.21736111111111112
0 0.33203125 0.3142361111111111 0.15989583333333332 0.15625
0 0.46119791666666665 0.7434027777777777 0.030729166666666665 0.04513888888888889
0 0.23098958333333333 0.4305555555555556 0.15989583333333332 0.07777777777777778
0 0.20625 0.25625 0.12291666666666666 0.05694444444444444
0 0.8122395833333333 0.6121527777777778 0.30052083333333335 0.6493055555555556
0 0.2552083333333333 0.5267361111111111 0.371875 0.25625
0 0.55078125 0.15868055555555555 0.030729166666666665 0.04375
0 0.4513020833333333 0.1267361111111111 0.3109375 0.12291666666666666
0 0.6127604166666667 0.8097222222222222 0.1296875 0.20416666666666666
0 0.3614583333333333 0.23854166666666668 0.46770833333333334 0.40069444444444446
0 0.33229166666666665 0.6572916666666667 0.28958333333333336 0.27569444444444446
0 0.57890625 0.5482638888888889 0.33177083333333335 0.36319444444444443
0 0.7432291666666667 0.22708333333333333 0.121875 0.12638888888888888
