0 0.37083333333333335 0.6875 0.121875 0.15138888888888888
0 0.621875 0.5947916666666667 0.10625 0.18125
0 0.7776041666666667 0.42777777777777776 0.0875 0.12361111111111112
0 0.16484375 0.575 0.1671875 0.15555555555555556
0 0.38359375 0.41805555555555557 0.033854166666666664 0.04583333333333333
0 0.4453125 0.5131944444444444 0.075 0.0763888888888889
0 0.17447916666666666 0.4565972222222222 0.16145833333333334 0.08958333333333333
0 0.6125 0.3350694444444444 0.04895833333333333 0.05763888888888889
0 0.5713541666666667 0.8024305555555555 0.596875 0.23958333333333334
0 0.21822916666666667 0.7520833333333333 0.04583333333333333 0.06111111111111111
0 0.5252604166666667 0.24270833333333333 0.2942708333333333 0.26180555555555557
0 0.48203125 0.14895833333333333 0.1296875 0.08541666666666667
0 0.19895833333333332 0.2934027777777778 0.371875 0.19652777777777777
