0 0.6348958333333333 0.49756944444444445 0.035416666666666666 0.04375
0 0.39557291666666666 0.37430555555555556 0.4244791666666667 0.4861111111111111
0 0.6640625 0.603125 0.28229166666666666 0.6659722222222222
0 0.7994791666666666 0.409375 0.23020833333333332 0.46458333333333335
0 0.4075520833333333 0.5545138888888889 0.3723958333333333 0.20902777777777778
0 0.72421875 0.6659722222222222 0.29739583333333336 0.26805555555555555
0 0.58203125 0.2861111111111111 0.24114583333333334 0.3736111111111111
0 0.5033854166666667 0.23055555555555557 0.13802083333333334 0.17083333333333334
0 0.49973958333333335 0.7621527777777778 0.12239583333333333 0.1909722222222222
0 0.6838541666666667 0.778125 0.15 0.17847222222222223
0 0.3184895833333333 0.4517361111111111 0.11197916666666667 0.22291666666666668
0 0.4393229166666667 0.3347222222222222 0.0828125 0.20555555555555555
0 0.3234375 0.34444444444444444 0.13541666666666666 0.20416666666666666
0 0.5416666666666666 0.378125 0.12395833333333334 0.1284722222222222
0 0.38619791666666664 0.696875 0.12760416666666666 0.07430555555555556
0 0.16171875 0.4913194444444444 0.03177083333333333 0.02013888888888889
