0 0.6166666666666667 0.18888888888888888 0.115625 0.18472222222222223
0 0.3770833333333333 0.8854166666666666 0.1375 0.1486111111111111
0 0.23984375 0.4857638888888889 0.09010416666666667 0.41458333333333336
0 0.38723958333333336 0.7135416666666666 0.0359375 0.04652777777777778
0 0.5549479166666667 0.346875 0.034895833333333334 0.04513888888888889
0 0.5778645833333333 0.8076388888888889 0.3182291666666667 0.19583333333333333
0 0.4036458333333333 0.1954861111111111 0.057291666666666664 0.09930555555555555
0 0.35598958333333336 0.5864583333333333 0.07447916666666667 0.07291666666666667
0 0.42109375 0.40069444444444446 0.06614583333333333 0.16527777777777777
0 0.4986979166666667 0.29131944444444446 0.049479166666666664 0.16875
0 0.5111979166666667 0.5690972222222223 0.0390625 0.059027777777777776
0 0.6190104166666667 0.6215277777777778 0.0390625 0.04722222222222222
