0 0.7494791666666667 0.23541666666666666 0.14375 0.18611111111111112
0 0.18333333333333332 0.5572916666666666 0.12916666666666668 0.12013888888888889
0 0.5721354166666667 0.39895833333333336 0.0703125 0.20902777777777778
0 0.6565104166666667 0.7697916666666667 0.033854166666666664 0.04513888888888889
0 0.7361979166666667 0.421875 0.1546875 0.12013888888888889
0 0.8294270833333334 0.7138888888888889 0.21927083333333333 0.49027777777777776
0 0.5919270833333333 0.5572916666666666 0.15260416666666668 0.08125
0 0.6635416666666667 0.08993055555555556 0.12291666666666666 0.059027777777777776
0 0.4583333333333333 0.4131944444444444 0.03333333333333333 0.041666666666666664
0 0.5182291666666666 0.7756944444444445 0.128125 0.08194444444444444
0 0.28671875 0.29305555555555557 0.3515625 0.3138888888888889
0 0.24036458333333333 0.2454861111111111 0.44947916666666665 0.4326388888888889
0 0.28411458333333334 0.746875 0.5296875 0.4479166666666667
0 0.2953125 0.6079861111111111 0.28020833333333334 0.32013888888888886
0 0.6390625 0.23680555555555555 0.2989583333333333 0.24861111111111112
0 0.48671875 0.28715277777777776 0.12135416666666667 0.21458333333333332
