0 0.41484375 0.37743055555555555 0.04635416666666667 0.06180555555555556
0 0.54296875 0.334375 0.1171875 0.16319444444444445
0 0.24192708333333332 0.3368055555555556 0.0890625 0.11944444444444445
0 0.5333333333333333 0.6451388888888889 0.034375 0.044444444444444446
0 0.40859375 0.7260416666666667 0.08072916666666667 0.1673611111111111
0 0.23802083333333332 0.6559027777777777 0.12708333333333333 0.2076388888888889
0 0.5776041666666667 0.7645833333333333 0.036458333333333336 0.06527777777777778
0 0.76796875 0.45208333333333334 0.1359375 0.5055555555555555
0 0.48151041666666666 0.5982638888888889 0.07760416666666667 0.1840277777777778
0 0.6359375 0.8076388888888889 0.071875 0.21666666666666667
0 0.6177083333333333 0.5083333333333333 0.07916666666666666 0.075
0 0.36822916666666666 0.5270833333333333 0.31875 0.1638888888888889
0 0.53046875 0.1371527777777778 0.5005208333333333 0.0798611111111111
