0 0.22395833333333334 0.35520833333333335 0.10833333333333334 0.18125
0 0.48880208333333336 0.5975694444444445 0.1359375 0.14930555555555555
0 0.5018229166666667 0.11041666666666666 0.1546875 0.07777777777777778
0 0.23932291666666666 0.6114583333333333 0.033854166666666664 0.04513888888888889
0 0.371875 0.42256944444444444 0.08854166666666667 0.21180555555555555
0 0.59921875 0.4840277777777778 0.1578125 0.17222222222222222
0 0.6338541666666667 0.33784722222222224 0.36875 0.22847222222222222
0 0.46328125 0.6760416666666667 0.4942708333333333 0.3173611111111111
0 0.41380208333333335 0.39826388888888886 0.1796875 0.40625
0 0.28489583333333335 0.3597222222222222 0.15729166666666666 0.4125
0 0.6919270833333333 0.584375 0.4192708333333333 0.48125
0 0.690625 0.6711805555555556 0.035416666666666666 0.04652777777777778
0 0.5221354166666666 0.7215277777777778 0.14947916666666666 0.15833333333333333
0 0.7419270833333333 0.6902777777777778 0.22447916666666667 0.46944444444444444
0 0.69921875 0.5173611111111112 0.1203125 0.12916666666666668
0 0.19583333333333333 0.3489583333333333 0.09270833333333334 0.15763888888888888
