0 0.20651041666666667 0.3326388888888889 0.1140625 0.16527777777777777
0 0.6830729166666667 0.3284722222222222 0.11822916666666666 0.15416666666666667
0 0.5244791666666667 0.15 0.090625 0.11944444444444445
0 0.4161458333333333 0.6611111111111111 0.0875 0.12222222222222222
0 0.5869791666666667 0.3385416666666667 0.07291666666666667 0.07569444444444444
0 0.4627604166666667 0.4232638888888889 0.04739583333333333 0.06736111111111111
0 0.35911458333333335 0.20798611111111112 0.0453125 0.06041666666666667
0 0.24505208333333334 0.5732638888888889 0.07447916666666667 0.035416666666666666
0 0.5966145833333333 0.571875 0.0515625 0.07013888888888889
0 0.3541666666666667 0.46770833333333334 0.04791666666666667 0.06736111111111111
