0 0.46875 0.2704861111111111 0.10729166666666666 0.15763888888888888
0 0.85625 0.4527777777777778 0.0875 0.12083333333333333
0 0.6872395833333333 0.28715277777777776 0.12239583333333333 0.14791666666666667
0 0.30104166666666665 0.4701388888888889 0.090625 0.10972222222222222
0 0.48802083333333335 0.6350694444444445 0.046875 0.05763888888888889
0 0.6815104166666667 0.7159722222222222 0.07239583333333334 0.043055555555555555
0 0.23723958333333334 0.2611111111111111 0.044270833333333336 0.0625
0 0.41041666666666665 0.5975694444444445 0.03958333333333333 0.10069444444444445
0 0.48098958333333336 0.5013888888888889 0.0515625 0.06944444444444445
0 0.21171875 0.6402777777777777 0.043229166666666666 0.04583333333333333
