0 0.08515625 0.478125 0.12135416666666667 0.15208333333333332
0 0.17447916666666666 0.7166666666666667 0.09583333333333334 0.175
0 0.3372395833333333 0.121875 0.09114583333333333 0.12291666666666666
0 0.2552083333333333 0.8329861111111111 0.06875 0.2048611111111111
0 0.4088541666666667 0.5416666666666666 0.034375 0.04583333333333333
0 0.62421875 0.21979166666666666 0.37447916666666664 0.11180555555555556
0 0.5625 0.34097222222222223 0.04375 0.059722222222222225
0 0.32864583333333336 0.4263888888888889 0.07395833333333333 0.075
0 0.13697916666666668 0.2670138888888889 0.115625 0.22152777777777777
0 0.646875 0.6097222222222223 0.496875 0.15138888888888888
0 0.4427083333333333 0.8135416666666667 0.30833333333333335 0.29791666666666666
0 0.5268229166666667 0.103125 0.12447916666666667 0.11458333333333333
0 0.2942708333333333 0.6409722222222223 0.04375 0.0625
