0 0.6458333333333334 0.5611111111111111 0.09166666666666666 0.17083333333333334
0 0.33645833333333336 0.6 0.12395833333333334 0.1875
0 0.7953125 0.60625 0.034375 0.04583333333333333
0 0.4044270833333333 0.2423611111111111 0.034895833333333334 0.04583333333333333
0 0.459375 0.7607638888888889 0.035416666666666666 0.09930555555555555
0 0.51640625 0.34618055555555555 0.043229166666666666 0.06597222222222222
0 0.65859375 0.35138888888888886 0.12552083333333333 0.05694444444444444
0 0.6171875 0.17118055555555556 0.3104166666666667 0.09652777777777778
0 0.5145833333333333 0.5347222222222222 0.065625 0.09583333333333334
0 0.25885416666666666 0.3489583333333333 0.19270833333333334 0.40069444444444446
0 0.3736979166666667 0.3684027777777778 0.1046875 0.16458333333333333
0 0.5421875 0.7284722222222222 0.046875 0.06805555555555555
