0 0.6088541666666667 0.09583333333333334 0.11458333333333333 0.16111111111111112
0 0.4276041666666667 0.5888888888888889 0.12291666666666666 0.15138888888888888
0 0.7276041666666667 0.8354166666666667 0.09166666666666666 0.11527777777777778
0 0.35572916666666665 0.13784722222222223 0.08541666666666667 0.12430555555555556
0 0.88046875 0.43020833333333336 0.0484375 0.06319444444444444
0 0.5291666666666667 0.8555555555555555 0.04583333333333333 0.06111111111111111
0 0.7372395833333333 0.6055555555555555 0.38177083333333334 0.14027777777777778
0 0.66328125 0.640625 0.14427083333333332 0.21597222222222223
0 0.42890625 0.2677083333333333 0.1421875 0.2048611111111111
0 0.21614583333333334 0.6892361111111112 0.13020833333333334 0.21597222222222223
0 0.4953125 0.35381944444444446 0.4864583333333333 0.28541666666666665
0 0.309375 0.8753472222222223 0.125 0.21458333333333332
0 0.709375 0.20902777777777778 0.378125 0.15833333333333333
0 0.30833333333333335 0.5743055555555555 0.353125 0.5847222222222223
