0 0.2984375 0.10798611111111112 0.11875 0.15902777777777777
0 0.5044270833333333 0.8753472222222223 0.0796875 0.16597222222222222
0 0.49661458333333336 0.6232638888888888 0.0890625 0.12291666666666666
0 0.42213541666666665 0.4392361111111111 0.033854166666666664 0.04513888888888889
0 0.11640625 0.38819444444444445 0.0828125 0.21944444444444444
0 0.25833333333333336 0.4083333333333333 0.22604166666666667 0.6527777777777778
0 0.5088541666666667 0.15069444444444444 0.04791666666666667 0.0625
0 0.6390625 0.5246527777777777 0.16145833333333334 0.1451388888888889
0 0.78671875 0.35381944444444446 0.23072916666666668 0.47291666666666665
0 0.6729166666666667 0.7434027777777777 0.065625 0.10069444444444445
0 0.23932291666666666 0.7618055555555555 0.2640625 0.3375
0 0.52578125 0.33229166666666665 0.1265625 0.11180555555555556
0 0.3697916666666667 0.28680555555555554 0.052083333333333336 0.06805555555555555
