0 0.70234375 0.6010416666666667 0.11927083333333334 0.15625
0 0.5549479166666667 0.5947916666666667 0.0984375 0.17847222222222223
0 0.81484375 0.31979166666666664 0.12239583333333333 0.18680555555555556
0 0.3692708333333333 0.36875 0.0875 0.12222222222222222
0 0.11432291666666666 0.3736111111111111 0.06302083333333333 0.21388888888888888
0 0.6138020833333333 0.34965277777777776 0.04739583333333333 0.06597222222222222
0 0.60703125 0.40208333333333335 0.034895833333333334 0.04583333333333333
0 0.8161458333333333 0.39826388888888886 0.0375 0.04791666666666667
0 0.29661458333333335 0.7819444444444444 0.35885416666666664 0.37222222222222223
0 0.4322916666666667 0.39652777777777776 0.1375 0.4097222222222222
0 0.6080729166666666 0.7888888888888889 0.12864583333333332 0.20694444444444443
0 0.34296875 0.26145833333333335 0.1515625 0.16875
0 0.6796875 0.2708333333333333 0.128125 0.2013888888888889
0 0.66484375 0.7347222222222223 0.1140625 0.13055555555555556
0 0.46484375 0.5364583333333334 0.21302083333333333 0.6645833333333333
0 0.60390625 0.30659722222222224 0.04635416666666667 0.04791666666666667
0 0.6096354166666667 0.22881944444444444 0.04635416666666667 0.10347222222222222
