0 0.7265625 0.12013888888888889 0.040625 0.04583333333333333
0 0.5046875 0.4809027777777778 0.034375 0.04097222222222222
0 0.15494791666666666 0.5270833333333333 0.3098958333333333 0.4027777777777778
0 0.40338541666666666 0.1284722222222222 0.3692708333333333 0.21805555555555556
0 0.7791666666666667 0.5486111111111112 0.34479166666666666 0.5763888888888888
0 0.23333333333333334 0.453125 0.24895833333333334 0.6409722222222223
0 0.4036458333333333 0.709375 0.16979166666666667 0.40069444444444446
0 0.51953125 0.26805555555555555 0.3151041666666667 0.12083333333333333
0 0.5916666666666667 0.5020833333333333 0.10520833333333333 0.15555555555555556
0 0.590625 0.1607638888888889 0.04895833333333333 0.1701388888888889
0 0.5268229166666667 0.7920138888888889 0.07447916666666667 0.20902777777777778
0 0.24036458333333333 0.33055555555555555 0.09322916666666667 0.21666666666666667
0 0.7192708333333333 0.32430555555555557 0.16145833333333334 0.11944444444444445
0 0.4765625 0.596875 0.10729166666666666 0.22291666666666668
0 0.32447916666666665 0.3506944444444444 0.13958333333333334 0.1763888888888889
0 0.2872395833333333 0.2298611111111111 0.10885416666666667 0.18194444444444444
