0 0.72890625 0.41388888888888886 0.1140625 0.15555555555555556
0 0.7419270833333333 0.14965277777777777 0.11510416666666666 0.1840277777777778
0 0.48203125 0.3659722222222222 0.13697916666666668 0.1486111111111111
0 0.3020833333333333 0.6086805555555556 0.16458333333333333 0.1284722222222222
0 0.77890625 0.6100694444444444 0.09114583333333333 0.11319444444444444
0 0.3809895833333333 0.325 0.16197916666666667 0.13055555555555556
0 0.8635416666666667 0.3784722222222222 0.035416666666666666 0.04583333333333333
0 0.5791666666666667 0.5486111111111112 0.03333333333333333 0.044444444444444446
0 0.5119791666666667 0.12777777777777777 0.36770833333333336 0.11805555555555555
0 0.66796875 0.42777777777777776 0.024479166666666666 0.09444444444444444
0 0.8635416666666667 0.13923611111111112 0.146875 0.18958333333333333
0 0.5919270833333333 0.6385416666666667 0.0390625 0.16319444444444445
0 0.34088541666666666 0.2815972222222222 0.15260416666666668 0.08541666666666667
0 0.6541666666666667 0.5104166666666666 0.04791666666666667 0.059722222222222225
0 0.83203125 0.3857638888888889 0.2838541666666667 0.3076388888888889
0 0.5729166666666666 0.15694444444444444 0.053125 0.06527777777777778
0 0.55546875 0.4222222222222222 0.3151041666666667 0.5916666666666667
