0 0.18359375 0.36770833333333336 0.13489583333333333 0.13541666666666666
0 0.49947916666666664 0.8388888888888889 0.12708333333333333 0.18194444444444444
0 0.39921875 0.5722222222222222 0.10572916666666667 0.2125
0 0.22708333333333333 0.7795138888888888 0.06770833333333333 0.21458333333333332
0 0.4869791666666667 0.6184027777777777 0.03125 0.04097222222222222
0 0.3078125 0.5763888888888888 0.23541666666666666 0.6652777777777777
0 0.640625 0.21041666666666667 0.034375 0.043055555555555555
0 0.44140625 0.21458333333333332 0.1546875 0.18055555555555555
0 0.7291666666666666 0.5222222222222223 0.12395833333333334 0.06527777777777778
0 0.60546875 0.24444444444444444 0.11302083333333333 0.1486111111111111
0 0.4669270833333333 0.325 0.35572916666666665 0.29305555555555557
0 0.57265625 0.5618055555555556 0.39010416666666664 0.525
0 0.5377604166666666 0.2142361111111111 0.3338541666666667 0.35208333333333336
0 0.4122395833333333 0.23229166666666667 0.13489583333333333 0.19236111111111112
0 0.55390625 0.7135416666666666 0.2838541666666667 0.29791666666666666
0 0.1390625 0.5861111111111111 0.20104166666666667 0.3902777777777778
