0 0.503125 0.5663194444444445 0.140625 0.17152777777777778
0 0.3802083333333333 0.5173611111111112 0.11979166666666667 0.15
0 0.4705729166666667 0.7590277777777777 0.07447916666666667 0.16111111111111112
0 0.7088541666666667 0.4461805555555556 0.08854166666666667 0.11041666666666666
0 0.6197916666666666 0.5829861111111111 0.03333333333333333 0.04513888888888889
0 0.6786458333333333 0.6430555555555556 0.04479166666666667 0.058333333333333334
0 0.8216145833333334 0.2767361111111111 0.16927083333333334 0.12569444444444444
0 0.71953125 0.7791666666666667 0.033854166666666664 0.04722222222222222
0 0.57109375 0.25729166666666664 0.36822916666666666 0.10208333333333333
0 0.8213541666666667 0.5673611111111111 0.11666666666666667 0.20833333333333334
0 0.7395833333333334 0.7454861111111111 0.065625 0.09513888888888888
0 0.37604166666666666 0.33993055555555557 0.1125 0.22569444444444445
0 0.6411458333333333 0.7625 0.15520833333333334 0.17083333333333334
0 0.44114583333333335 0.6118055555555556 0.12083333333333333 0.14444444444444443
0 0.6 0.525 0.45416666666666666 0.4013888888888889
0 0.6559895833333333 0.48194444444444445 0.27447916666666666 0.3194444444444444
0 0.7252604166666666 0.68125 0.0484375 0.06666666666666667
