0 0.76640625 0.821875 0.12135416666666667 0.16319444444444445
0 0.4315104166666667 0.6097222222222223 0.07447916666666667 0.1597222222222222
0 0.3265625 0.3503472222222222 0.09166666666666666 0.11736111111111111
0 0.29921875 0.15138888888888888 0.034895833333333334 0.04583333333333333
0 0.5354166666666667 0.3909722222222222 0.10625 0.2125
0 0.4901041666666667 0.8180555555555555 0.42291666666666666 0.2111111111111111
0 0.6057291666666667 0.13333333333333333 0.4979166666666667 0.2375
0 0.24661458333333333 0.6413194444444444 0.050520833333333334 0.06041666666666667
0 0.19505208333333332 0.49201388888888886 0.16197916666666667 0.41597222222222224
0 0.7596354166666667 0.5072916666666667 0.14947916666666666 0.20069444444444445
0 0.6971354166666667 0.37604166666666666 0.1234375 0.1423611111111111
0 0.3802083333333333 0.7246527777777778 0.075 0.05763888888888889
0 0.4315104166666667 0.23194444444444445 0.049479166666666664 0.07083333333333333
