0 0.6169270833333333 0.5645833333333333 0.13385416666666666 0.1875
0 0.78671875 0.334375 0.13177083333333334 0.13125
0 0.87265625 0.5083333333333333 0.16197916666666667 0.10555555555555556
0 0.4934895833333333 0.049652777777777775 0.033854166666666664 0.04236111111111111
0 0.6471354166666666 0.7743055555555556 0.1078125 0.15416666666666667
0 0.5536458333333333 0.27395833333333336 0.30833333333333335 0.08402777777777778
0 0.00017715833333333333 0.0007466600694444445 0.00035431666666666667 0.00010443125
0 0.7182291666666667 0.6430555555555556 0.20104166666666667 0.49166666666666664
0 0.4700520833333333 0.6309027777777778 0.14739583333333334 0.19236111111111112
0 0.42265625 0.9260416666666667 0.034895833333333334 0.04791666666666667
0 0.79140625 0.571875 0.31197916666666664 0.3923611111111111
0 0.52265625 0.41354166666666664 0.15989583333333332 0.09375
0 0.46380208333333334 0.8871527777777778 0.10052083333333334 0.2048611111111111
0 0.2955729166666667 0.32430555555555557 0.2203125 0.3763888888888889
0 0.3515625 0.6194444444444445 0.265625 0.6722222222222223
