0 0.5375 0.66875 0.11979166666666667 0.1638888888888889
0 0.41171875 0.628125 0.07864583333333333 0.16319444444444445
0 0.21822916666666667 0.41388888888888886 0.09375 0.11805555555555555
0 0.32447916666666665 0.30243055555555554 0.034375 0.04513888888888889
0 0.27291666666666664 0.16493055555555555 0.3125 0.08958333333333333
0 0.46953125 0.4152777777777778 0.0453125 0.06388888888888888
0 0.6765625 0.7670138888888889 0.16041666666666668 0.18541666666666667
0 0.2947916666666667 0.5920138888888888 0.071875 0.08680555555555555
0 0.3390625 0.7506944444444444 0.5541666666666667 0.3541666666666667
0 0.59765625 0.11041666666666666 0.15260416666666668 0.07361111111111111
0 0.7111979166666667 0.5545138888888889 0.3515625 0.3090277777777778
0 0.8356770833333333 0.4496527777777778 0.1046875 0.16041666666666668
0 0.6872395833333333 0.3111111111111111 0.0453125 0.05416666666666667
