0 0.22265625 0.44548611111111114 0.12239583333333333 0.1423611111111111
0 0.5385416666666667 0.6746527777777778 0.11979166666666667 0.10069444444444445
0 0.7213541666666666 0.12638888888888888 0.09166666666666666 0.11388888888888889
0 0.3046875 0.2465277777777778 0.07708333333333334 0.1125
0 0.38229166666666664 0.3350694444444444 0.09791666666666667 0.22013888888888888
0 0.40078125 0.49722222222222223 0.16302083333333334 0.09444444444444444
0 0.515625 0.590625 0.04895833333333333 0.07013888888888889
0 0.47734375 0.15520833333333334 0.37135416666666665 0.1951388888888889
0 0.6916666666666667 0.49930555555555556 0.035416666666666666 0.04583333333333333
0 0.48072916666666665 0.5767361111111111 0.051041666666666666 0.16875
0 0.5700520833333333 0.5920138888888888 0.030729166666666665 0.09791666666666667
0 0.7075520833333333 0.7371527777777778 0.15989583333333332 0.12013888888888889
0 0.259375 0.7708333333333334 0.23541666666666666 0.4013888888888889
0 0.5375 0.6315972222222223 0.03229166666666667 0.04097222222222222
0 0.30755208333333334 0.05694444444444444 0.0515625 0.06805555555555555
0 0.6619791666666667 0.3815972222222222 0.4895833333333333 0.09652777777777778
0 0.26067708333333334 0.21944444444444444 0.1328125 0.2
