0 0.47552083333333334 0.7711805555555555 0.140625 0.1798611111111111
0 0.49973958333333335 0.6284722222222222 0.034895833333333334 0.04583333333333333
0 0.5622395833333333 0.08854166666666667 0.4984375 0.09097222222222222
0 0.6395833333333333 0.8340277777777778 0.04791666666666667 0.058333333333333334
0 0.24635416666666668 0.7215277777777778 0.13020833333333334 0.08472222222222223
0 0.5158854166666667 0.3020833333333333 0.1609375 0.11805555555555555
0 0.6026041666666667 0.4809027777777778 0.11875 0.14652777777777778
0 0.7375 0.40868055555555555 0.09375 0.11180555555555556
0 0.359375 0.5201388888888889 0.13645833333333332 0.21805555555555556
0 0.3919270833333333 0.6534722222222222 0.18489583333333334 0.40694444444444444
0 0.2484375 0.3697916666666667 0.24166666666666667 0.47152777777777777
0 0.71171875 0.22847222222222222 0.05364583333333333 0.06944444444444445
0 0.7010416666666667 0.6260416666666667 0.04375 0.09930555555555555
