0 0.309375 0.6041666666666666 0.11875 0.1625
0 0.66171875 0.4861111111111111 0.1234375 0.18611111111111112
0 0.6096354166666667 0.6736111111111112 0.0890625 0.11944444444444445
0 0.36770833333333336 0.8298611111111112 0.06875 0.21944444444444444
0 0.5083333333333333 0.46076388888888886 0.04583333333333333 0.06041666666666667
0 0.3828125 0.390625 0.03333333333333333 0.04513888888888889
0 0.18828125 0.3993055555555556 0.10260416666666666 0.4166666666666667
0 0.4791666666666667 0.6583333333333333 0.03229166666666667 0.1
0 0.45546875 0.7930555555555555 0.13177083333333334 0.20416666666666666
0 0.7966145833333333 0.7121527777777777 0.0359375 0.05486111111111111
0 0.60703125 0.2743055555555556 0.42239583333333336 0.4875
0 0.15859375 0.75625 0.3171875 0.4361111111111111
0 0.39921875 0.228125 0.1328125 0.08541666666666667
