0 0.4005208333333333 0.6482638888888889 0.11875 0.14375
0 0.43802083333333336 0.15138888888888888 0.11458333333333333 0.16111111111111112
0 0.7619791666666667 0.4392361111111111 0.090625 0.11597222222222223
0 0.6736979166666667 0.6836805555555555 0.09010416666666667 0.11180555555555556
0 0.5421875 0.45694444444444443 0.04479166666666667 0.0625
0 0.40520833333333334 0.34618055555555555 0.04583333333333333 0.06180555555555556
0 0.25625 0.4354166666666667 0.075 0.06666666666666667
0 0.5591145833333333 0.790625 0.044270833333333336 0.10069444444444445
0 0.7911458333333333 0.2548611111111111 0.04583333333333333 0.05138888888888889
0 0.6635416666666667 0.17708333333333334 0.04791666666666667 0.06666666666666667
