0 0.3223958333333333 0.27118055555555554 0.10833333333333334 0.18541666666666667
0 0.18098958333333334 0.7809027777777777 0.1046875 0.1798611111111111
0 0.13333333333333333 0.47881944444444446 0.07395833333333333 0.4131944444444444
0 0.5153645833333333 0.6163194444444444 0.033854166666666664 0.04513888888888889
0 0.6515625 0.10555555555555556 0.3145833333333333 0.17916666666666667
0 0.7231770833333333 0.40555555555555556 0.0359375 0.04583333333333333
0 0.3072916666666667 0.5163194444444444 0.058333333333333334 0.09930555555555555
0 0.74140625 0.7527777777777778 0.049479166666666664 0.059722222222222225
0 0.2830729166666667 0.8899305555555556 0.0734375 0.0798611111111111
0 0.36770833333333336 0.6881944444444444 0.075 0.17222222222222222
0 0.5932291666666667 0.43333333333333335 0.0625 0.16944444444444445
0 0.4627604166666667 0.9104166666666667 0.05364583333333333 0.07083333333333333
