0 0.6364583333333333 0.678125 0.12083333333333333 0.16041666666666668
0 0.3684895833333333 0.2833333333333333 0.10677083333333333 0.1875
0 0.2908854166666667 0.4826388888888889 0.08697916666666666 0.12361111111111112
0 0.5419270833333333 0.11076388888888888 0.044270833333333336 0.06319444444444444
0 0.39166666666666666 0.7569444444444444 0.07916666666666666 0.22083333333333333
0 0.165625 0.3819444444444444 0.034375 0.04583333333333333
0 0.253125 0.6503472222222222 0.36875 0.28402777777777777
0 0.13098958333333333 0.5291666666666667 0.0453125 0.10555555555555556
0 0.5052083333333334 0.33402777777777776 0.153125 0.16944444444444445
0 0.70078125 0.42083333333333334 0.14427083333333332 0.6638888888888889
0 0.4869791666666667 0.7395833333333334 0.03958333333333333 0.16666666666666666
0 0.5731770833333333 0.4309027777777778 0.0453125 0.06597222222222222
0 0.29322916666666665 0.14375 0.2875 0.2875
