0 0.6080729166666666 0.7378472222222222 0.1203125 0.15347222222222223
0 0.8661458333333333 0.7805555555555556 0.121875 0.1527777777777778
0 0.2921875 0.5006944444444444 0.08958333333333333 0.12222222222222222
0 0.4276041666666667 0.3732638888888889 0.16979166666666667 0.1451388888888889
0 0.81953125 0.47118055555555555 0.09010416666666667 0.11458333333333333
0 0.43072916666666666 0.5597222222222222 0.051041666666666666 0.06666666666666667
0 0.49765625 0.8746527777777777 0.10885416666666667 0.22291666666666668
0 0.7122395833333334 0.5833333333333334 0.17239583333333333 0.12638888888888888
0 0.5815104166666667 0.8871527777777778 0.04739583333333333 0.06319444444444444
0 0.7494791666666667 0.19618055555555555 0.16354166666666667 0.14930555555555555
0 0.48984375 0.24340277777777777 0.4786458333333333 0.3576388888888889
0 0.2625 0.7881944444444444 0.525 0.375
0 0.5026041666666666 0.6045138888888889 0.2989583333333333 0.4284722222222222
0 0.22213541666666667 0.33819444444444446 0.3380208333333333 0.37777777777777777
