0 0.3484375 0.19722222222222222 0.09375 0.175
0 0.78984375 0.21875 0.12135416666666667 0.09861111111111111
0 0.6278645833333333 0.6180555555555556 0.034895833333333334 0.044444444444444446
0 0.15729166666666666 0.7326388888888888 0.14895833333333333 0.41388888888888886
0 0.27005208333333336 0.3628472222222222 0.034895833333333334 0.04513888888888889
0 0.51171875 0.7663194444444444 0.0734375 0.08402777777777778
0 0.79140625 0.42291666666666666 0.3078125 0.24861111111111112
0 0.3294270833333333 0.7586805555555556 0.0578125 0.10069444444444445
0 0.5052083333333334 0.39652777777777776 0.08229166666666667 0.17083333333333334
0 0.36484375 0.4954861111111111 0.12864583333333332 0.08263888888888889
0 0.5330729166666667 0.6274305555555556 0.04635416666666667 0.05347222222222222
0 0.7895833333333333 0.5986111111111111 0.04583333333333333 0.05
