0 0.36380208333333336 0.7996527777777778 0.12135416666666667 0.15347222222222223
0 0.5036458333333333 0.39375 0.11770833333333333 0.1597222222222222
0 0.6716145833333333 0.66875 0.0796875 0.1638888888888889
0 0.25494791666666666 0.46319444444444446 0.08802083333333334 0.12083333333333333
0 0.41510416666666666 0.5940972222222223 0.0875 0.12152777777777778
0 0.3046875 0.8961805555555555 0.046875 0.06458333333333334
0 0.24140625 0.6454861111111111 0.04635416666666667 0.06041666666666667
0 0.38645833333333335 0.41180555555555554 0.034375 0.04583333333333333
0 0.29375 0.5590277777777778 0.2625 0.6611111111111111
0 0.5875 0.5302083333333333 0.075 0.06180555555555556
0 0.41015625 0.06979166666666667 0.3098958333333333 0.11875
0 0.4080729166666667 0.11909722222222222 0.07447916666666667 0.06736111111111111
0 0.19427083333333334 0.44583333333333336 0.14375 0.19722222222222222
0 0.22916666666666666 0.36180555555555555 0.3302083333333333 0.38333333333333336
0 0.6109375 0.359375 0.04895833333333333 0.06875
0 0.43385416666666665 0.903125 0.041666666666666664 0.06180555555555556
0 0.5260416666666666 0.8097222222222222 0.11354166666666667 0.21944444444444444
0 0.22734375 0.08368055555555555 0.13177083333333334 0.11041666666666666
