0 0.7002604166666667 0.878125 0.04635416666666667 0.06319444444444444
0 0.4296875 0.44479166666666664 0.046875 0.06319444444444444
0 0.39114583333333336 0.6211805555555555 0.11666666666666667 0.16041666666666668
0 0.6057291666666667 0.6590277777777778 0.12291666666666666 0.15138888888888888
0 0.38645833333333335 0.26805555555555555 0.09791666666666667 0.21944444444444444
0 0.4002604166666667 0.8954861111111111 0.0890625 0.12013888888888889
0 0.6401041666666667 0.8621527777777778 0.11979166666666667 0.21319444444444444
0 0.64765625 0.23229166666666667 0.0859375 0.12569444444444444
0 0.6080729166666666 0.40729166666666666 0.1671875 0.18263888888888888
0 0.5330729166666667 0.11493055555555555 0.08802083333333334 0.22013888888888888
0 0.49453125 0.5631944444444444 0.09114583333333333 0.5041666666666667
0 0.1671875 0.4809027777777778 0.11354166666666667 0.5104166666666666
0 0.7169270833333333 0.44479166666666664 0.1203125 0.66875
0 0.27630208333333334 0.4621527777777778 0.14635416666666667 0.6729166666666667
