0 0.478125 0.203125 0.046875 0.06458333333333334
0 0.20520833333333333 0.8121527777777777 0.04791666666666667 0.06597222222222222
0 0.35260416666666666 0.8559027777777778 0.08854166666666667 0.11736111111111111
0 0.53359375 0.49895833333333334 0.11614583333333334 0.15069444444444444
0 0.39895833333333336 0.33645833333333336 0.11458333333333333 0.15208333333333332
0 0.5890625 0.7388888888888889 0.125 0.21805555555555556
0 0.46067708333333335 0.6520833333333333 0.0921875 0.11527777777777778
0 0.6859375 0.4097222222222222 0.09895833333333333 0.23055555555555557
0 0.30026041666666664 0.3732638888888889 0.24010416666666667 0.47291666666666665
0 0.4234375 0.4736111111111111 0.3541666666666667 0.5777777777777777
0 0.45625 0.7326388888888888 0.159375 0.15694444444444444
0 0.7440104166666667 0.48819444444444443 0.1953125 0.6694444444444444
0 0.6229166666666667 0.4496527777777778 0.10104166666666667 0.49930555555555556
0 0.4875 0.42465277777777777 0.15 0.19652777777777777
