0 0.6088541666666667 0.13402777777777777 0.121875 0.15138888888888888
0 0.8955729166666667 0.5552083333333333 0.11510416666666666 0.15763888888888888
0 0.35546875 0.4114583333333333 0.08802083333333334 0.11319444444444444
0 0.6421875 0.7722222222222223 0.08958333333333333 0.12083333333333333
0 0.91484375 0.7871527777777778 0.04635416666666667 0.06597222222222222
0 0.4513020833333333 0.6225694444444444 0.04635416666666667 0.05763888888888889
0 0.46588541666666666 0.23506944444444444 0.07239583333333334 0.07430555555555556
0 0.6434895833333333 0.37118055555555557 0.07447916666666667 0.06041666666666667
0 0.540625 0.4840277777777778 0.04895833333333333 0.06527777777777778
0 0.8434895833333333 0.23993055555555556 0.050520833333333334 0.07152777777777777
