0 0.35494791666666664 0.5277777777777778 0.04739583333333333 0.06388888888888888
0 0.46796875 0.43680555555555556 0.04739583333333333 0.06527777777777778
0 0.43802083333333336 0.23854166666666668 0.121875 0.15069444444444444
0 0.3177083333333333 0.3440972222222222 0.08958333333333333 0.12430555555555556
0 0.4588541666666667 0.6697916666666667 0.11666666666666667 0.15902777777777777
0 0.5578125 0.84375 0.090625 0.12083333333333333
0 0.7651041666666667 0.3857638888888889 0.16666666666666666 0.1423611111111111
0 0.39557291666666666 0.8631944444444445 0.1359375 0.2111111111111111
0 0.5838541666666667 0.6260416666666667 0.46145833333333336 0.4215277777777778
0 0.6966145833333334 0.1388888888888889 0.07760416666666667 0.2222222222222222
0 0.23203125 0.33194444444444443 0.21197916666666666 0.49583333333333335
0 0.29140625 0.7069444444444445 0.5317708333333333 0.30416666666666664
0 0.6278645833333333 0.4284722222222222 0.15677083333333333 0.2
0 0.67109375 0.41354166666666664 0.22864583333333333 0.46875
