0 0.27291666666666664 0.7190972222222223 0.11875 0.15902777777777777
0 0.703125 0.59375 0.13229166666666667 0.12916666666666668
0 0.52734375 0.6142361111111111 0.09114583333333333 0.11736111111111111
0 0.5283854166666667 0.7854166666666667 0.16197916666666667 0.08194444444444444
0 0.3854166666666667 0.5517361111111111 0.03333333333333333 0.04513888888888889
0 0.32864583333333336 0.14652777777777778 0.04895833333333333 0.059722222222222225
0 0.25859375 0.2951388888888889 0.06927083333333334 0.08611111111111111
0 0.6973958333333333 0.4576388888888889 0.15208333333333332 0.08611111111111111
0 0.15729166666666666 0.5170138888888889 0.20833333333333334 0.66875
0 0.4005208333333333 0.8704861111111111 0.04895833333333333 0.1673611111111111
0 0.6 0.34618055555555555 0.35625 0.2798611111111111
0 0.496875 0.19479166666666667 0.27708333333333335 0.32430555555555557
0 0.2682291666666667 0.48715277777777777 0.042708333333333334 0.06458333333333334
