0 0.8903645833333333 0.25763888888888886 0.12239583333333333 0.10833333333333334
0 0.7838541666666666 0.6111111111111112 0.121875 0.15
0 0.38723958333333336 0.33090277777777777 0.09114583333333333 0.11875
0 0.60859375 0.7864583333333334 0.13385416666666666 0.18263888888888888
0 0.4546875 0.10208333333333333 0.1625 0.10555555555555556
0 0.47421875 0.5170138888888889 0.033854166666666664 0.04513888888888889
0 0.6778645833333333 0.821875 0.05677083333333333 0.19930555555555557
0 0.8541666666666666 0.4739583333333333 0.051041666666666666 0.06597222222222222
0 0.45390625 0.865625 0.0359375 0.04513888888888889
0 0.4161458333333333 0.6454861111111111 0.15208333333333332 0.19791666666666666
0 0.7947916666666667 0.1579861111111111 0.04895833333333333 0.10208333333333333
0 0.4752604166666667 0.3940972222222222 0.4869791666666667 0.26875
0 0.6190104166666667 0.2635416666666667 0.31302083333333336 0.15208333333333332
0 0.5541666666666667 0.5701388888888889 0.11770833333333333 0.09583333333333334
0 0.5505208333333333 0.40868055555555555 0.053125 0.06597222222222222
0 0.86015625 0.4010416666666667 0.1359375 0.19236111111111112
0 0.5747395833333333 0.6145833333333334 0.2703125 0.4375
