0 0.7018229166666666 0.31875 0.1140625 0.1597222222222222
0 0.5044270833333333 0.24930555555555556 0.14114583333333333 0.175
0 0.6575520833333334 0.7822916666666667 0.08697916666666666 0.12291666666666666
0 0.428125 0.5184027777777778 0.08958333333333333 0.22291666666666668
0 0.3359375 0.6618055555555555 0.034375 0.044444444444444446
0 0.5817708333333333 0.5333333333333333 0.046875 0.06111111111111111
0 0.840625 0.6920138888888889 0.16354166666666667 0.1284722222222222
0 0.7 0.5079861111111111 0.04583333333333333 0.10625
0 0.21510416666666668 0.6291666666666667 0.165625 0.4152777777777778
0 0.44635416666666666 0.8708333333333333 0.05416666666666667 0.17083333333333334
0 0.5596354166666667 0.3784722222222222 0.0484375 0.07083333333333333
0 0.8268229166666666 0.33125 0.31614583333333335 0.6027777777777777
0 0.22109375 0.3215277777777778 0.3484375 0.3277777777777778
