0 0.5416666666666666 0.765625 0.09375 0.17430555555555555
0 0.66640625 0.6534722222222222 0.0765625 0.1625
0 0.6106770833333334 0.2878472222222222 0.034895833333333334 0.04513888888888889
0 0.21328125 0.49895833333333334 0.08697916666666666 0.41597222222222224
0 0.45234375 0.6444444444444445 0.034895833333333334 0.04583333333333333
0 0.5169270833333334 0.10486111111111111 0.3109375 0.14583333333333334
0 0.45625 0.47291666666666665 0.071875 0.09027777777777778
0 0.3059895833333333 0.4354166666666667 0.0765625 0.06111111111111111
0 0.4765625 0.30520833333333336 0.05416666666666667 0.07152777777777777
0 0.6026041666666667 0.44375 0.11770833333333333 0.14305555555555555
0 0.3234375 0.26875 0.0875 0.1736111111111111
0 0.36354166666666665 0.66875 0.052083333333333336 0.07083333333333333
