0 0.5390625 0.10625 0.121875 0.15416666666666667
0 0.08984375 0.4892361111111111 0.1171875 0.15902777777777777
0 0.8020833333333334 0.40243055555555557 0.11145833333333334 0.18125
0 0.17682291666666666 0.6753472222222222 0.0890625 0.12430555555555556
0 0.5526041666666667 0.7277777777777777 0.08229166666666667 0.12222222222222222
0 0.728125 0.5822916666666667 0.046875 0.06319444444444444
0 0.13776041666666666 0.38958333333333334 0.1578125 0.09027777777777778
0 0.22734375 0.4048611111111111 0.0671875 0.09444444444444444
0 0.625 0.5972222222222222 0.03333333333333333 0.05555555555555555
0 0.36432291666666666 0.12569444444444444 0.0734375 0.04583333333333333
0 0.6955729166666667 0.4666666666666667 0.0359375 0.04583333333333333
0 0.6010416666666667 0.17916666666666667 0.2947916666666667 0.2652777777777778
0 0.45260416666666664 0.37118055555555557 0.04583333333333333 0.06458333333333334
0 0.49765625 0.5086805555555556 0.4578125 0.39791666666666664
0 0.6567708333333333 0.5795138888888889 0.08854166666666667 0.21736111111111112
0 0.37864583333333335 0.17916666666666667 0.09270833333333334 0.1638888888888889
0 0.36666666666666664 0.7829861111111112 0.365625 0.40069444444444446
0 0.3575520833333333 0.37569444444444444 0.05260416666666667 0.06527777777777778
