0 0.8294270833333334 0.17430555555555555 0.1140625 0.16111111111111112
0 0.43645833333333334 0.40347222222222223 0.121875 0.15416666666666667
0 0.66796875 0.8003472222222222 0.08489583333333334 0.1701388888888889
0 0.5614583333333333 0.8520833333333333 0.08645833333333333 0.125
0 0.79375 0.94375 0.09791666666666667 0.1125
0 0.5197916666666667 0.2704861111111111 0.09166666666666666 0.21875
0 0.7864583333333334 0.8059027777777777 0.04791666666666667 0.06319444444444444
0 0.7364583333333333 0.35659722222222223 0.04583333333333333 0.06319444444444444
0 0.41484375 0.6625 0.19947916666666668 0.49722222222222223
0 0.8864583333333333 0.6746527777777778 0.121875 0.4215277777777778
0 0.6721354166666667 0.33645833333333336 0.058854166666666666 0.6604166666666667
0 0.83671875 0.3527777777777778 0.07760416666666667 0.0763888888888889
0 0.5276041666666667 0.7069444444444445 0.1 0.1597222222222222
0 0.6690104166666667 0.9263888888888889 0.07447916666666667 0.05277777777777778
0 0.4942708333333333 0.7006944444444444 0.0375 0.05
0 0.8221354166666667 0.5739583333333333 0.0859375 0.21041666666666667
0 0.5877604166666667 0.7326388888888888 0.04739583333333333 0.06805555555555555
0 0.80703125 0.4496527777777778 0.04739583333333333 0.06597222222222222
