0 0.2947916666666667 0.7600694444444445 0.10416666666666667 0.18125
0 0.8747395833333333 0.4822916666666667 0.14010416666666667 0.15486111111111112
0 0.490625 0.6885416666666667 0.034375 0.04513888888888889
0 0.49661458333333336 0.5434027777777778 0.034895833333333334 0.04652777777777778
0 0.45390625 0.10173611111111111 0.31302083333333336 0.1701388888888889
0 0.3028645833333333 0.4888888888888889 0.049479166666666664 0.10416666666666667
0 0.6208333333333333 0.5229166666666667 0.04479166666666667 0.1638888888888889
0 0.203125 0.6868055555555556 0.0375 0.1
0 0.21770833333333334 0.43645833333333334 0.21145833333333333 0.38819444444444445
0 0.42239583333333336 0.3753472222222222 0.12291666666666666 0.13402777777777777
0 0.5953125 0.7479166666666667 0.03854166666666667 0.06111111111111111
0 0.371875 0.9204861111111111 0.051041666666666666 0.06875
