0 0.46770833333333334 0.3972222222222222 0.11770833333333333 0.19305555555555556
0 0.25026041666666665 0.7489583333333333 0.1296875 0.18819444444444444
0 0.7875 0.4409722222222222 0.034375 0.04583333333333333
0 0.3106770833333333 0.4861111111111111 0.034895833333333334 0.04583333333333333
0 0.56875 0.44895833333333335 0.058333333333333334 0.10208333333333333
0 0.5979166666666667 0.5878472222222222 0.036458333333333336 0.05763888888888889
0 0.7098958333333333 0.23368055555555556 0.3104166666666667 0.2659722222222222
0 0.38359375 0.24791666666666667 0.26927083333333335 0.3486111111111111
0 0.20885416666666667 0.5961805555555556 0.12708333333333333 0.06041666666666667
0 0.71015625 0.7517361111111112 0.04010416666666667 0.10208333333333333
0 0.44244791666666666 0.740625 0.05260416666666667 0.07152777777777777
0 0.5458333333333333 0.9135416666666667 0.13125 0.10625
